0.8059873567150801 0.8153499704491284 0.8006505255574232 0.8248963537412465 0.8073330889881822 0.8145365884832728 0.8196375889437569 0.8128770575249007 0.8092297076410915 0.8171023167410213 
0.1 0.1 0.1 0.1 0.1 0.1 0.1 0.1 0.1 0.1 
0.9935610693069313 0.995353604167881 0.9893803947826192 1.0116597198681756 1.0020313633310571 0.996034380116551 0.9994840410364497 1.0064539083284023 1.004608007472174 1.0014335115898583 
0.1 0.1 0.1 0.1 0.1 0.1 0.1 0.1 0.1 0.1 
1.1001947665010576 1.0949526249510486 1.1062948425975079 1.1103064212123417 1.1041209046282965 1.1060808684106742 1.1175436209330347 1.1045252768147702 1.1030490197128238 1.1096831219489163 
0.1 0.1 0.1 0.1 0.1 0.1 0.1 0.1 0.1 0.1 
0.8953578946903419 0.8835254946295059 0.8802129032602182 0.8885250764627886 0.8831406908677419 0.8979516944426001 0.8985813069238446 0.8951333716443944 0.8932748367627451 0.8783059469057481 
0.1 0.1 0.1 0.1 0.1 0.1 0.1 0.1 0.1 0.1 
46.8087495476053 46.80649385056451 46.80763121580461 46.83893306717 46.80657693793093 46.821057966466306 46.83986969187995 46.81136615086183 46.81871682130772 46.82242293223122 
10.177771402269569 10.17435284157051 10.177158275670207 10.175566918591402 10.176089908051349 10.175962197765488 10.178505480992236 10.17600948885725 10.176630286619206 10.17665908196664 
24.573029793409905 24.572644443053655 24.570525886620427 24.57086777445944 24.57082009719006 24.571054436918416 24.569930875111577 24.574032673638065 24.571340685213997 24.57003904867233 
24.568486529369505 24.57177158792949 24.572717854636675 24.571069486465802 24.572471333205602 24.571685820402703 24.572304614959613 24.571365336585732 24.570090387725894 24.572322763006856 
8.522351318045695 8.525468428886855 8.523022897666811 8.526047115149888 8.522358003600903 8.522247232513031 8.525992855708218 8.523767567705983 8.530539664921243 8.5241065551464 
12.628772384016287 12.635772624150798 12.631251536908566 12.635984831103727 12.63139610478793 12.630408687387096 12.635732917761583 12.633245586008329 12.643116382586472 12.635782359924496 
8.52202506189289 8.525693590716992 8.522104001077517 8.52697239929261 8.52315405479901 8.522801871864319 8.525435524431957 8.52338338345339 8.528627701326576 8.525704050489766 
10.174800608987722 10.177863701577033 10.17494153659077 10.177721484299221 10.173145577747656 10.174676124493768 10.178674296038098 10.174558591439984 10.181819982059208 10.176503979120401 
8.520949304620949 8.524857133423625 8.522868775510291 8.527829313881554 8.521993248351157 8.523415130380837 8.525259590268059 8.523750404841042 8.531166053030773 8.523812685036741 
24.56876466940965 24.572020605837036 24.57113688986405 24.571408165518427 24.573532440577075 24.57239935610475 24.572473091610348 24.571042108832707 24.569610547263338 24.571897839270502 
12.628914655081154 12.636038456779145 12.63225356529224 12.637399976025973 12.631226154786383 12.631886745211892 12.63593950194546 12.631833315435747 12.64028468114645 12.635686362930851 
12.630451936698375 12.635799052484117 12.63107449378699 12.638936744217999 12.630415952342858 12.629842134217737 12.635581580688584 12.631644091693246 12.642141839365907 12.63557558913948 
10.176171071713647 10.173832256308728 10.183648957880612 10.176786907241167 10.173938366613758 10.174647811275763 10.174939027688438 10.177560139329632 10.181371360061876 10.171809984240232 
24.57282057346576 24.571095859075132 24.571955163765093 24.570900027250964 24.570649245527655 24.571400172551083 24.570308211384365 24.57245561995998 24.571646948919646 24.571053892388203 
12.628096112437184 12.635763844270368 12.63347696030057 12.63710141159531 12.630063673792463 12.631770882163389 12.635824340777317 12.632556662561315 12.640891161659347 12.63591836507803 
16.68141002217142 16.677416664940584 16.677241931298486 16.6765860315652 16.675738955090434 16.675719054119064 16.676026899405347 16.678880325758175 16.677431816716457 16.67774184732339 
16.678464474728294 16.67443627017861 16.67727610889531 16.67868758825947 16.67944923739624 16.67391822824201 16.682465652413033 16.678267327288076 16.67832832553508 16.672900335452447 
10.17440912435747 10.177378226593062 10.176393840579713 10.177596219162503 10.173735713198653 10.17304396578385 10.17698663033728 10.17335747981048 10.183856562865897 10.177948119664942 
8.521906919820777 8.524950619147962 8.522035786094888 8.527572912828685 8.523090917576303 8.520631258496802 8.528690434011086 8.523506730676377 8.529429826414486 8.524086234277659 
7.335192888311039 7.337735668904076 7.337997619300524 7.338972653211616 7.3369102897272835 7.334900801021334 7.338226625802243 7.3356397426043625 7.345649553158798 7.339055848100221 
8.521488246885914 8.526882357017161 8.522341095444968 8.525233859581894 8.521986286354492 8.520703493956256 8.525149943691057 8.522761285211523 8.530971804349592 8.528383266852162 
5.743821252660268 5.745760960354353 5.74788408850634 5.751561718874052 5.748017139648425 5.744712194620894 5.750268138315135 5.745880636003161 5.748528765343551 5.7460925782018 
24.571770422591285 24.570927525902363 24.57335000398899 24.570288841762117 24.570240084823386 24.570663911421608 24.573551392941027 24.57059475378328 24.57200861013718 24.570890166936643 
24.567973863312023 24.5727548121603 24.573349965949294 24.570558938351766 24.571734860299813 24.573232058099236 24.573859564435384 24.57011692698547 24.569095891087557 24.57160883360703 
12.628165647794619 12.634071676590358 12.631380343502025 12.640272241024165 12.634128401851905 12.628244139817193 12.637720391559517 12.633584023180791 12.641614107941393 12.632282441373324 
24.567228232430665 24.572028216777138 24.576379679544463 24.57189453795941 24.571165333389246 24.57335367524203 24.571350610895063 24.569496655657776 24.567276709609658 24.57411206278244 
6.441940224880254 6.446556598927564 6.449506479502775 6.44546331542177 6.43972622667182 6.441197517741882 6.442554463744583 6.442496431212298 6.448649860113608 6.446353326228463 
8.521108462391739 8.52489901414392 8.527819286866126 8.527148997209785 8.517115822451709 8.523055264630374 8.523255539630355 8.528428890038505 8.530072319662294 8.522998042320223 
1.1232587298042072 1.1194291919723545 1.118100972744254 1.1275401768764506 1.1201681869096705 1.135960595976414 1.1222243004863028 1.133044764537459 1.1268622077532264 1.1308959028798657 
0.1 0.1 0.1 0.1 0.1 0.1 0.1 0.1 0.1 0.1 
2.145335081183086 2.1474587631893898 2.1466584603076004 2.152070817820551 2.1463951390697984 2.147367793217339 2.148535452541591 2.1459930519711046 2.148231129251392 2.1460578971056985 
0.9403514940644836 0.9383642283079803 0.9559314080526831 0.9436218799721421 0.9355731994772902 0.9464803636760086 0.9341586770464507 0.9354531918767435 0.9386508743272581 0.9422166471924825 
0.1 0.1 0.1 0.1 0.1 0.1 0.1 0.1 0.1 0.1 
2.420222793103712 2.431707455389554 2.4308610297681237 2.4274290364027475 2.4215113525232566 2.420467039536493 2.4193236131993303 2.4245682086591906 2.4317258491052236 2.425577287470945 
2.4232164229778386 2.4235555184905344 2.4219482788147673 2.428818004139054 2.42117394214475 2.4193453367983855 2.4265797889141645 2.4310653182447095 2.4323706128150433 2.4253204418193315 
1.6464911868513168 1.6464172963343207 1.664141648689004 1.656362281210635 1.6593562807868232 1.6504118478914662 1.6508985570529144 1.64970801986001 1.653415055456727 1.6484775841750743 
1.1924142419830641 1.2039218740635544 1.1840763823655944 1.191100684594225 1.1955611866896072 1.1861062925295074 1.1847220964527538 1.2012588970449924 1.1903892147299042 1.1812771550245977 
0.1 0.1 0.1 0.1 0.1 0.1 0.1 0.1 0.1 0.1 
1.9369210472905234 1.927979636533115 1.9354269470413703 1.9295677854353699 1.9302061232341063 1.9223635662408878 1.9230991933212027 1.9282266708577143 1.9280168871579593 1.926448370645922 
0.1 0.1 0.1 0.1 0.1 0.1 0.1 0.1 0.1 0.1 
1.9973089798993047 1.9924534531800586 1.9995462843115963 1.9927847346618683 1.995102229352037 1.9965822505040485 1.994672505360871 1.9914623850012254 2.001436386375817 2.0017504223496507 
0.1 0.1 0.1 0.1 0.1 0.1 0.1 0.1 0.1 0.1 
2.0681993557580607 2.0721530302418114 2.068921084712858 2.0678673198467186 2.065632299603987 2.0744190133627813 2.068354026021467 2.0738600157231737 2.064002208264066 2.066246818879037 
0.1 0.1 0.1 0.1 0.1 0.1 0.1 0.1 0.1 0.1 
1.752235189764617 1.7535190684213227 1.7530381071963854 1.751182447829833 1.7531319241466368 1.754775581973236 1.7574416138476416 1.7472816284347923 1.7557612585747169 1.745748935437968 
0.1 0.1 0.1 0.1 0.1 0.1 0.1 0.1 0.1 0.1 
16.67648555054225 16.67997538185502 16.677932207352082 16.678650065355573 16.67825514557382 16.678730814197205 16.676048063068148 16.676446513504768 16.676872984927638 16.674796822012077 
12.634940439778902 12.635505183266716 12.632762918709801 12.632866849692261 12.633946804377368 12.634937841791206 12.634228321431715 12.634492708810624 12.634446731234428 12.633335615542242 
0.1 0.1 0.1 0.1 0.1 0.1 0.1 0.1 0.1 0.1 
10.178043829539545 10.175194735918673 10.177794488826631 10.17770465682962 10.176301003699036 10.176470234831775 10.176103488207698 10.17544223604645 10.175731058284697 10.175920150169706 
0.1 0.1 0.1 0.1 0.1 0.1 0.1 0.1 0.1 0.1 
12.635619195384916 12.635115572845711 12.633921498215397 12.63268597711605 12.63341540103841 12.632887991682235 12.635345002949064 12.633341340523032 12.635525399677205 12.633606035203243 
0.1 0.1 0.1 0.1 0.1 0.1 0.1 0.1 0.1 0.1 
10.176680694921743 10.176061989091894 10.177504802353107 10.177335476305368 10.179375836860041 10.177409066466588 10.17642940396464 10.174100364135104 10.175115433699196 10.174692814556158 
0.1 0.1 0.1 0.1 0.1 0.1 0.1 0.1 0.1 0.1 
12.634036118114953 12.633963570015004 12.638139477672192 12.635265362015266 12.634960994622158 12.634017183093265 12.632018717053246 12.633407420318223 12.632307945392698 12.633346626338263 
3.102516852518614 3.1092096000090854 3.1026708851482 3.106107559442012 3.103253380783512 3.105239070569441 3.1062410522805317 3.103395031376491 3.106395285400401 3.107602861419338 
0.1 0.1 0.1 0.1 0.1 0.1 0.1 0.1 0.1 0.1 
16.674401969085633 16.678683736577923 16.679203107514375 16.67742979196614 16.679319832350476 16.68044643064901 16.677422871187524 16.676320778565167 16.6754249536922 16.67554007680014 
0.1 0.1 0.1 0.1 0.1 0.1 0.1 0.1 0.1 0.1 
24.568036378734032 24.572442748781498 24.573594103135235 24.570674538656437 24.571904393668845 24.573325288640387 24.574189928472606 24.56995191651629 24.568871548753258 24.571294868929286 
16.67394856338171 16.670463714888424 16.681144688343352 16.677022927256044 16.679428039801326 16.6754410324257 16.678884854148556 16.682205482872767 16.680304465327197 16.675349779943517 
24.571197667102112 24.572144170363625 24.571129152755372 24.569774750346266 24.572593017373713 24.570598920495353 24.572123738487498 24.571416237349965 24.570699542498346 24.572608517515633 
24.572032459590616 24.569996651158817 24.572322819216392 24.57066495978774 24.571820805337172 24.571354666799248 24.57157590771716 24.572453520418197 24.570650154164557 24.571413770097973 
10.176364966763353 10.178995617058144 10.174558002361916 10.172494556870875 10.179002936958273 10.178969597704292 10.170834635487683 10.185670600857184 10.173477753228159 10.174337215063966 
16.679582514477183 16.67679888813923 16.674630939009607 16.674040952115398 16.68478568289772 16.682127172118395 16.67104158460959 16.685820274426202 16.675313123885168 16.670052416710085 
12.634801377328076 12.63300674940473 12.63017626101597 12.634325025658882 12.639793486848363 12.634507176532603 12.63043823939077 12.643745786804184 12.633660364437315 12.627008947214394 
24.575093921761297 24.572782177987598 24.56621629817364 24.5673200992891 24.577601072541906 24.577328283232788 24.563564813817923 24.58327640553135 24.56953983270323 24.56156280924907 
16.681922414044596 16.67692544373026 16.672945659707427 16.6735863507412 16.683061791854794 16.680110689241666 16.670185818753964 16.689443510896126 16.674881173478095 16.671130695940445 
12.636725554703824 12.634220549337341 12.630334092433216 12.631629424685427 12.639690657702564 12.63664658746532 12.62850268429739 12.642841480353626 12.631687419488163 12.629184964168415 
24.571184887195646 24.5700204354274 24.571054623152634 24.57217737255554 24.57173737246336 24.570979983092723 24.571496893536636 24.5717471605745 24.571925947508163 24.57196103878129 
16.68080532950665 16.678725968260995 16.67427855098977 16.67511085722834 16.681214784872918 16.68065711464743 16.67221012176465 16.68721208213568 16.675412313134363 16.66856642584778 
12.63682210107631 12.635384261231632 12.631882700619292 12.63131022616869 12.63956484615653 12.636534723970458 12.628261023170072 12.639686409665853 12.633878443664702 12.628138678911744 
16.679427153082965 16.67719274871187 16.673604365738914 16.67589508299124 16.68170683905559 16.68251995524926 16.671291396636796 16.685352655014192 16.67643253386009 16.67077081804765 
16.678714440267015 16.67768234189139 16.673249940892507 16.67470991425142 16.68285984827995 16.682191592222296 16.671561274184487 16.688547714728465 16.675763187368414 16.66891329430265 
16.679184992773603 16.677707373174233 16.674366745535504 16.67457590805777 16.68217075083939 16.682350200403324 16.672042394791852 16.685618067082196 16.6758747654866 16.6703023502441 
12.635635748554122 12.633587013425645 12.632394899059511 12.631877654664917 12.637411964663443 12.635636964019898 12.631006063601907 12.641485121774876 12.634668473083705 12.627759511787252 
12.63651399791545 12.635787445527907 12.630211754502579 12.631477647470204 12.638120505452383 12.635804948514405 12.628487157472513 12.64187439981249 12.6338304317271 12.629355126240249 
24.57153729564087 24.572767182161662 24.570924955700416 24.571030279731946 24.57160265924843 24.570154206537065 24.57191192691741 24.57078747714013 24.571345749584676 24.572223981625267 
46.81600150826037 46.81969425255343 46.81486798559816 46.818524309886975 46.81518291311004 46.819259999025185 46.8203344273394 46.81596481958054 46.81878357547583 46.82320439099239 
12.635503021193843 12.635750777736341 12.630737930690149 12.631516556711441 12.641258583510732 12.636548037457937 12.630653132968183 12.639496025565343 12.63240004210283 12.627599306698475 
12.634647350605093 12.634178355364067 12.630663491647683 12.632726988664059 12.639138640316574 12.636943850457207 12.628002203046258 12.640880393411916 12.633852733123513 12.630429407998909 
12.635192285514348 12.634954215490504 12.630741105017966 12.631856337552206 12.639107141388115 12.638123337196763 12.630573541932488 12.639380862410377 12.634084427134242 12.627450160998267 
16.679740273042775 16.680466965522147 16.67958552005173 16.677459354864407 16.676969892291154 16.677931937388543 16.673577632370268 16.678165836352083 16.673609888845206 16.676686247660246 
8.524016457964965 8.522935894461815 8.522062650396393 8.52336300360356 8.530703270917035 8.526927167827147 8.523044853237026 8.527359945384024 8.52556180465258 8.519926590900472 
16.679475322026278 16.678082848373883 16.674462513550324 16.674595195020423 16.68383506664227 16.68154574531501 16.670987799408074 16.68490790770689 16.675983633510146 16.670317516835276 
16.67931296149464 16.67801024181692 16.67412447575903 16.673821583693737 16.680887248553184 16.6840188671007 16.670455398552942 16.688645578890537 16.674729599193196 16.670187593333686 
46.820451639167366 46.817327518919264 46.81772564490622 46.81725034167149 46.81841155392515 46.81765430274832 46.817986978925234 46.816959890313214 46.81964178777857 46.81840852346749 
16.682297133788957 16.67789805655093 16.6738998417658 16.675084287283315 16.68119401785084 16.68098174800104 16.670218560342636 16.686160325716614 16.6758234629547 16.670636114133746 
12.634802692854425 12.632192225213158 12.630311308574077 12.633857213069684 12.638867524844374 12.636182580114808 12.632825874826072 12.643335169022494 12.633217088772726 12.625871737343468 
12.634904781231784 12.636412542914487 12.634344164236904 12.629996422005174 12.636307521178878 12.636753358160929 12.627850955393756 12.641163647624035 12.632305598333666 12.631424423555664 
12.637053832933795 12.634040236708023 12.632506846942265 12.633787805844735 12.637880858715693 12.637409330091936 12.628466142604262 12.640875293293199 12.63164064528327 12.62780242221809 
0.1 0.1 0.1 0.1 0.1 0.1 0.1 0.1 0.1 0.1 
16.67866937776632 16.67775045748019 16.6767914996517 16.676074351641336 16.67824509446366 16.67826993890425 16.676079452053898 16.676162480839572 16.67781517625519 16.67833571933245 
2.0658315794387643 2.069412323008202 2.0756131689303423 2.0696919285556756 2.072224178473309 2.067512187455276 2.0706472378949163 2.0701991786152716 2.0665585015195127 2.061964888522694 
0.1 0.1 0.1 0.1 0.1 0.1 0.1 0.1 0.1 0.1 
1.518687601263284 1.5281528892875238 1.5216369347656882 1.518704176925761 1.5202658076405595 1.524901191342141 1.525700861440697 1.526597120683598 1.5212436926968131 1.5295667876659704 
