3.415240075019746e-06 0.0020564155147490097 4.872801120310878e-07 2.6468816688025735e-06 5.0227556302994175e-05 2.4362119476482227e-05 0.16294539804518182 0.0010481193524206752 2.883409359435447e-11 0.8338689279811791 
0.1 0.1 0.1 0.1 0.1 0.1 0.1 0.1 0.1 0.1 
7.319503030159631e-12 8.434547070290815e-05 2.0031691892300265e-09 2.9177667514459284e-12 0.03200775353884146 3.364984563242785e-08 0.9675691199592201 6.971734420114682e-05 7.416857695158811e-13 0.0002690280230405047 
0.1 0.1 0.1 0.1 0.1 0.1 0.1 0.1 0.1 0.1 
8.812891222331052e-09 2.1822803365008578e-11 5.332651755506232e-11 0.11783463874738292 2.393504360606417e-09 3.576728459426019e-08 6.722552681087661e-11 6.329881984659432e-09 2.9545626899829755e-12 0.8821653078037256 
4.1703251866730134e-07 9.560677037283565e-06 6.473282475465151e-12 0.004476387167798748 2.996826306235682e-06 0.0008621512291212293 2.054453254937184e-07 0.994648258459093 1.0243899147880774e-10 2.3053887425034598e-08 
0.1 0.1 0.1 0.1 0.1 0.1 0.1 0.1 0.1 0.1 
5.409345587065664e-09 1.1641842249687515e-10 0.8211098925985895 0.1785742884965156 1.159664622705995e-07 1.7344317071440276e-05 1.1248123299592607e-12 1.309807409625902e-09 9.024476406564841e-10 0.0002983508822171443 
0.1 0.1 0.1 0.1 0.1 0.1 0.1 0.1 0.1 0.1 
3.307560522077495e-07 3.2205489933731387e-10 2.705878171871617e-07 1.2512166703956487e-07 1.301649566446939e-09 1.4502817205447028e-08 0.9999992233797141 3.353271835329656e-08 1.6822640014948477e-11 4.786864931549438e-10 
0.1 0.1 0.1 0.1 0.1 0.1 0.1 0.1 0.1 0.1 
2.059415325179475e-08 3.1951021441933477e-16 2.959256646336219e-12 0.9999999777777974 8.062628542639462e-10 3.7600650341145517e-11 4.603489552953187e-12 5.620442561115987e-11 4.137025757212802e-16 7.204180879835774e-10 
5.301323953833382e-13 0.0004951315233446295 2.962102856305409e-17 2.3229538162864264e-10 0.9428828489617666 3.3786868798582874e-18 0.056621552665262614 3.68112923947841e-07 9.850387038581177e-08 6.439681963410854e-15 
0.1 0.1 0.1 0.1 0.1 0.1 0.1 0.1 0.1 0.1 
1.0335819678924713e-08 0.9999923995062474 1.556467060631935e-11 2.1937035825927955e-13 1.3104771937074138e-07 4.151803470583354e-10 7.198519841428829e-12 7.456774252031674e-06 2.065677688968998e-11 1.877141893318378e-09 
6.238131899782707e-30 1.1789741762749783e-08 3.9235875437934474e-12 0.9999983844312795 3.544391116973084e-23 1.546687826160616e-06 3.693959228203979e-21 5.0415849535418375e-08 8.071630990251572e-23 6.671379368810781e-09 
1.1403572563364679e-10 1.1074231479322199e-12 0.9999977438088227 1.0516301081795669e-16 1.8448269417706383e-16 1.6565013055524487e-11 2.246556750850477e-21 2.2560546868827985e-06 8.459390745943138e-15 4.7734342525821624e-12 
1.0886022232102742e-08 8.673728568249643e-12 0.9999998726380974 1.7063713664028642e-13 3.5190947435634266e-08 1.3770471284183845e-08 3.706279963368718e-10 6.713042367118732e-08 2.268442712687007e-12 2.296987739812024e-12 
2.116384268741883e-09 6.944190184053721e-10 8.624331619812437e-11 5.85646186147823e-16 1.3811655681949457e-10 2.0165444297642816e-08 2.4726417377445165e-06 1.935705473359043e-09 0.9999974906070007 1.1614948007073223e-08 
0.10308580520402161 6.030762724547952e-11 1.1377092548489886e-07 1.8142167280644088e-09 6.739068917148424e-17 0.896877613749363 3.017934770482637e-09 2.0011391105848437e-05 6.588741211201e-14 1.6450992058964786e-05 
1.6640952651650752e-17 3.563445583567357e-18 2.9320656104207405e-11 0.00029302450343677433 1.4804238357756983e-13 1.5042681895352428e-16 3.4136850973003633e-18 2.4982642334129767e-11 0.9996917962786186 1.5179163493185908e-05 
1.4640852309935382e-18 0.999999999999969 3.064798848655536e-14 1.634118673638615e-19 2.803516968666004e-16 3.530710659567929e-17 3.776446784028395e-18 2.191151830595506e-17 1.4911990772461434e-20 1.8209804032338964e-19 
0.1 0.1 0.1 0.1 0.1 0.1 0.1 0.1 0.1 0.1 
1.1590244698958539e-10 0.9999883491922202 1.0741468622868901e-05 1.483684155430237e-09 9.026401870747394e-07 3.892456069233826e-09 3.8859883518722745e-11 1.1680313477230668e-09 5.148777086041558e-17 3.584915715206896e-14 
2.0738271153126326e-08 4.68734099582639e-07 9.285868977803984e-14 0.9999995098783314 2.911173119673454e-14 2.9958888783289813e-12 3.8905588344346836e-10 6.444430558750539e-11 1.2016318088540569e-14 1.9266771959922801e-10 
0.1 0.1 0.1 0.1 0.1 0.1 0.1 0.1 0.1 0.1 
3.227974709157764e-08 5.267486212282574e-10 9.814631931297223e-07 3.0597679123146875e-06 9.206611294806045e-08 0.9999916654142502 1.2073886549546417e-11 4.1679000789049675e-06 3.09030175837e-12 5.667926561563183e-10 
0.1 0.1 0.1 0.1 0.1 0.1 0.1 0.1 0.1 0.1 
1.1729316424590905e-07 6.334950670150938e-08 3.0030459541301875e-09 4.614512783829933e-06 8.41151177238222e-09 3.5225669477082916e-09 0.9159645701454946 6.563785598050797e-08 5.948752653034566e-08 0.08403049463654333 
0.1 0.1 0.1 0.1 0.1 0.1 0.1 0.1 0.1 0.1 
0.2391214137684282 4.8786777000908465e-11 4.870490313372222e-09 7.907127481020771e-05 0.7509788861948852 6.496700844601274e-14 7.062233982105585e-09 1.2426306025991803e-11 1.2870244898008122e-12 0.009820616766586823 
0.1 0.1 0.1 0.1 0.1 0.1 0.1 0.1 0.1 0.1 
2.6432819896177935e-07 0.1385426338478114 4.482945308915331e-16 6.97231986459915e-10 1.4379776116205985e-11 6.76508569009693e-11 6.4833148213804445e-06 0.0028276994061302014 2.468927292876003e-12 0.858622918321306 
3.8039770415653304e-10 2.8778861547035056e-05 8.412128094501385e-15 1.3353196227802327e-14 5.830364710523055e-10 7.0262074005798265e-12 3.11104974003172e-08 0.9999711890558893 2.1301762225620476e-14 1.5628385102452825e-12 
0.1 0.1 0.1 0.1 0.1 0.1 0.1 0.1 0.1 0.1 
0.9999999994444818 7.819364105787902e-17 3.360532306501855e-15 5.398226786203547e-10 7.812013039265855e-13 9.261224011089207e-14 4.3338386557230866e-13 3.343087238484383e-14 2.0259783015418232e-23 1.4351355807105966e-11 
0.1 0.1 0.1 0.1 0.1 0.1 0.1 0.1 0.1 0.1 
0.9959501750157314 0.001885385012815621 2.6827433975344184e-12 0.0021456431184144835 1.9496172080609563e-11 3.950006738018821e-12 1.3663563368975901e-05 5.133260988021364e-06 4.766703327275678e-16 2.5522436920527764e-12 
5.708151011664542e-10 2.947873701266608e-06 8.657420256605464e-10 1.2097698435638124e-12 5.894145288098155e-09 0.2215949710041142 3.1989220052544006e-10 0.06974968497255014 0.5161353713987699 0.19251701709906024 
0.1 0.1 0.1 0.1 0.1 0.1 0.1 0.1 0.1 0.1 
1.7469503805523472e-12 1.4004046452454402e-12 5.7425162201501134e-11 7.853153382134674e-21 6.802148067464749e-06 4.2504269210533385e-09 0.000685606150812524 0.9993075872106638 2.7510076531985296e-16 1.7945633748197466e-10 
0.1 0.1 0.1 0.1 0.1 0.1 0.1 0.1 0.1 0.1 
2.5294290287456096e-16 2.71806369416567e-24 0.9999999999999929 5.798169380982637e-23 1.0167269152381402e-15 1.3188377053777472e-15 1.0228281037674141e-15 3.3103097910862993e-15 1.4661684399634929e-16 2.585365928950109e-18 
2.049136012625592e-13 2.8239787473915723e-12 0.9996684768627553 4.059910147627639e-21 4.2679759453365136e-20 1.1714913608643148e-10 0.0003314767970077211 4.55868370218951e-09 8.78496521675978e-10 4.078287880698905e-08 
2.8405754793308357e-21 1.657723510266751e-10 0.0005508106068638776 1.0698592764543618e-09 1.1950875282679338e-20 8.594111702707297e-14 1.4342657269817336e-28 0.9994491869724674 4.1110017736976756e-17 1.1849510152559276e-09 
4.88305677100988e-06 8.439670190890771e-12 5.474196339049005e-13 3.6792970203040415e-06 0.02117415280872064 1.5889825452503265e-09 0.9788144805358598 2.7992318565279507e-06 1.917079556420061e-11 3.4526312571472986e-09 
0.9999317399431509 1.5599623452581733e-06 7.601042858620782e-11 1.634748308200085e-07 8.415405305030401e-10 6.496929847423642e-05 1.4731381467780534e-06 7.673407104653906e-08 3.5650168817705195e-11 1.6495779695993e-08 
0.1 0.1 0.1 0.1 0.1 0.1 0.1 0.1 0.1 0.1 
2.149331108445897e-11 6.415269972267923e-11 2.3534308658425206e-12 2.9091159311435234e-16 0.9999991137468622 6.8818143978327e-07 1.1369619549669504e-13 1.8465087783046184e-07 1.333043904909728e-08 2.2677400701482923e-12 
0.1 0.1 0.1 0.1 0.1 0.1 0.1 0.1 0.1 0.1 
4.652989294449191e-09 2.0543631063413224e-08 6.993860038471057e-12 5.384590930606833e-15 2.1155355502162353e-10 7.657556142838911e-10 3.6177070680560492e-12 0.9999999606569494 1.3149426119516083e-08 9.07810841102861e-12 
3.1731747604725056e-07 5.0095521506368995e-09 8.966286084477282e-09 1.4757693173353748e-12 1.6891253333579765e-12 0.9999922610742606 2.136438291228314e-08 6.751866710228262e-06 7.078358551092611e-09 6.273198085322158e-07 
0.1 0.1 0.1 0.1 0.1 0.1 0.1 0.1 0.1 0.1 
3.724038967749059e-08 1.8716916227242845e-15 2.2344710172107582e-11 6.533451357943879e-08 0.05749674690516396 0.942503150492004 1.1910354483918926e-12 2.1821176326466945e-12 1.629412612957523e-14 2.193016405760059e-12 
0.1 0.1 0.1 0.1 0.1 0.1 0.1 0.1 0.1 0.1 
1.3972681376813383e-14 1.0172226441534624e-14 4.956136556288697e-09 4.735844575077313e-19 0.0075334039740263875 0.9924665908317463 3.3995064381502972e-15 2.173455151301589e-10 2.0022377423925228e-17 2.0717681457569754e-11 
4.437859635244079e-07 2.7311850582674672e-12 1.476642405929657e-11 1.1185116700386534e-14 5.2860409942493515e-11 0.44441904275668775 0.5555702655921448 6.936759109370968e-08 7.33869155870066e-14 1.0178427170080537e-05 
1.274763249233082e-10 1.0249754543296097e-12 1.8964547932815642e-08 1.7817669526803104e-16 6.4112970487701895e-12 0.0007133021666750004 1.5037803902388878e-06 1.6504011325744257e-05 5.739280298456526e-15 0.9992686709421427 
4.907185632571184e-11 1.1259397116312724e-09 1.2670023504977177e-13 2.3924881332107607e-14 6.452469783659685e-11 0.002107843054139447 3.037299329318059e-14 1.1743899058070297e-09 2.010056595650624e-17 0.9978921545317535 
