2.1931159982364865e-36 0.15392040989245018 0.05868023692288037 0.05650494566391067 2.4119061413201987e-151 0.3762672495869917 0.3447261678347573 7.491015192060227e-50 0.0 2.2802550730890773e-307
0.09900990099009901 0.09900990099009901 0.09900990099009901 0.09900990099009901 0.09900990099009901 0.09900990099009901 0.09900990099009901 0.09900990099009901 0.09900990099009901 0.09900990099009901
4.0916821866752727e-64 0.1639615562444803 1.8420921675503305e-34 2.5504578633406725e-29 0.0 1.773876110438311e-46 0.21436831921929556 0.6117691344372144 0.0 4.973609211979786e-221
0.09900990099009901 0.09900990099009901 0.09900990099009901 0.09900990099009901 0.09900990099009901 0.09900990099009901 0.09900990099009901 0.09900990099009901 0.09900990099009901 0.09900990099009901
9.506450311016865e-33 0.33376158895485575 0.0582358055134274 0.02092446262862663 0.5331050477420772 0.023503438421826083 0.0 4.815905042869896e-96 0.020568666640176956 9.807449259206559e-37
0.09900990099009901 0.09900990099009901 0.09900990099009901 0.09900990099009901 0.09900990099009901 0.09900990099009901 0.09900990099009901 0.09900990099009901 0.09900990099009901 0.09900990099009901
0.018998524674736526 0.04994875109084015 7.243974185372596e-114 0.03520522435702054 0.8062074610625928 8.484927147568327e-15 8.88565313110708e-48 2.6122713078698082e-104 0.07973904871579171 7.801402805057992e-138
0.09900990099009901 0.09900990099009901 0.09900990099009901 0.09900990099009901 0.09900990099009901 0.09900990099009901 0.09900990099009901 0.09900990099009901 0.09900990099009901 0.09900990099009901
0.0 0.9900990099009901 0.0 0.0 0.0 0.0 0.0 0.0 0.0 0.0
0.0 7.094511901928061e-31 0.0 0.5941526552098612 0.197926552710931 0.19801980198019803 0.0 0.0 0.0 0.0
0.0 0.49504950495049505 0.0 0.0 2.0052694900323865e-88 0.0 0.0 0.0 0.0 0.49504950495049505
0.0 0.0 0.9900990099009901 5.583710169742848e-33 0.0 0.0 0.0 0.0 0.0 0.0
0.0 2.8129614418024094e-110 0.0 0.47940145353884916 0.0 0.3456810547119761 1.5092042589787675e-53 0.0 0.16501650165016504 0.0
0.0 0.0 0.0 0.7425742574257426 0.24752475247524752 2.8604408808924693e-59 5.568171996185634e-27 0.0 0.0 0.0
0.0 0.0 0.0 0.30283917809381605 0.0 3.766397747046498e-105 0.687259831807174 0.0 0.0 0.0
0.0 1.1524535181939834e-101 0.0 0.5843301576470257 0.0 0.20774905027376686 7.802223213170548e-37 0.0 0.0 0.1980198019801977
0.0 4.8679032706293275e-146 0.0 0.8483920433286194 0.0 6.10118204086209e-91 0.14170696657237075 0.0 0.0 0.0
0.0 0.0 2.5882979307199056e-14 0.4950495049504692 0.0 0.0 0.0 0.0 0.49504950495049505 0.0
0.0 0.0 0.0 0.4595503148115528 0.0 0.5305486950894374 4.825079413197185e-50 0.0 0.0 0.0
0.0 0.0 0.0 0.9900990099009901 0.0 8.852795771021881e-71 1.6722940811162458e-29 0.0 0.0 0.0
0.0 0.0 0.19801980198019808 0.3954213968613006 0.0 7.1066884973545364e-40 0.39665781105949155 1.0572178258318095e-144 0.0 0.0
0.0 0.49504950495049505 0.0 0.0 0.0 0.0 0.0 0.0 0.0 0.49504950495049505
0.0 0.0 0.24752475247524752 0.7425742574257426 0.0 7.212670689806335e-64 5.568171996185634e-27 0.0 0.0 0.0
0.0 0.6600660066006601 0.0 0.0 0.0 0.0 0.0 0.0 0.33003300330033003 0.0
0.33003300330033003 0.0 0.0 0.0 0.0 0.0 0.6600660066006601 0.0 0.0 0.0
0.0 0.594059405940594 0.0 0.39603960396039606 0.0 1.676531847591523e-54 1.4882094748868387e-23 0.0 0.0 0.0
0.0 0.16501650165016485 0.0 0.3102311827733509 0.0 0.177039681285803 0.17279514254150635 0.16501650165016502 0.0 0.0
0.28288543140028277 0.0 0.28288543140028305 0.27592267153441324 0.0 1.5836400898124678e-79 0.14840547556601114 0.0 0.0 0.0
0.0 0.0 0.1650165013003659 0.3142317380292759 0.0 1.2280718861406278e-105 0.345834268921975 0.0 0.16501650164937334 0.0
0.0 0.0 0.0 0.8787607090977734 0.0 1.7319622410898857e-98 0.11133830080321677 0.0 0.0 0.0
0.49504950495049505 0.0 0.0 0.0 0.0 0.0 0.0 0.0 0.0 0.49504950495049505
0.0 0.0 3.50356713336053e-78 0.9900990099009901 0.0 0.0 0.0 0.0 0.0 0.0
0.0 0.0 0.0 0.7345480006873779 0.0 3.342007808694281e-97 0.2555510092136123 0.0 0.0 0.0
0.0 0.0 0.49459761424090265 0.0016189310963751547 0.0 0.49388246456371226 0.0 0.0 0.0 0.0
0.0 0.0 0.0 0.6168453242191301 0.0 1.1286246790804316e-58 8.418301267134351e-25 0.1257289332066126 0.24752475247524752 0.0
0.3300330033003295 2.6424126142300464e-24 0.0 0.6600660066006607 0.0 1.1181742447891194e-46 1.469779901600181e-17 1.139967102616128e-72 0.0 0.0
2.661439935324632e-41 0.8082113087268957 3.9583705488909914e-76 0.020743369790837657 0.0 0.05940530998833525 0.10173902139492161 1.0752363422524862e-92 0.0 0.0
0.09900990099009901 0.09900990099009901 0.09900990099009901 0.09900990099009901 0.09900990099009901 0.09900990099009901 0.09900990099009901 0.09900990099009901 0.09900990099009901 0.09900990099009901
0.0 0.4247044708507191 0.07304716765584837 3.07891635726903e-255 0.209381793386424 0.2829655780079987 6.004129991442141e-57 0.0 0.0 6.485506852707324e-66
0.16754127730730142 0.01724365862650164 0.35396470426412924 0.3621358439431194 5.8504883498391574e-288 5.790932924402904e-06 0.0710731332872323 0.01771937724187187 0.0 0.00041522429790985315
0.09900990099009901 0.09900990099009901 0.09900990099009901 0.09900990099009901 0.09900990099009901 0.09900990099009901 0.09900990099009901 0.09900990099009901 0.09900990099009901 0.09900990099009901
1.4840585568576195e-155 4.263626947724549e-21 0.45009365919721495 0.5400053507037751 6.126404444422818e-147 2.9991377827457306e-43 1.6713088204923985e-26 1.6979089122904205e-122 0.0 7.191736158945401e-61
0.07263774557549295 6.635336611741521e-86 0.450030324225166 0.20367648681144318 0.0 0.26375445321603513 8.224850906242879e-45 7.285283631801148e-11 0.0 0.0
1.5869627412323275e-55 8.177360780660342e-11 1.97824842867713e-191 2.600847713624938e-21 3.5817369925722006e-56 6.3969147792464075e-139 3.383012348737399e-278 0.8103021307105411 0.0 0.17979687910867523
0.04386382939704663 0.021848663371536348 0.306140036353908 0.23215927012781962 2.198401502410709e-62 2.4227061443554963e-37 0.11025420974024841 4.0333025751852785e-30 0.2758330009104311 3.082536649639417e-26
0.09900990099009901 0.09900990099009901 0.09900990099009901 0.09900990099009901 0.09900990099009901 0.09900990099009901 0.09900990099009901 0.09900990099009901 0.09900990099009901 0.09900990099009901
0.14144273781832262 0.0 0.0 0.5645829435801608 9.490134854323491e-173 4.9320854594888485e-135 0.28407332850250666 2.3604875687663617e-39 1.8055178700725478e-199 0.0
0.09900990099009901 0.09900990099009901 0.09900990099009901 0.09900990099009901 0.09900990099009901 0.09900990099009901 0.09900990099009901 0.09900990099009901 0.09900990099009901 0.09900990099009901
1.989458461247178e-30 0.0 0.0 1.2217481869763407e-87 1.795929670589068e-106 0.04002168701462204 0.27414003989545815 4.287655050060808e-61 2.247639716691757e-198 0.6759372829909098
0.09900990099009901 0.09900990099009901 0.09900990099009901 0.09900990099009901 0.09900990099009901 0.09900990099009901 0.09900990099009901 0.09900990099009901 0.09900990099009901 0.09900990099009901
0.913937547600914 0.0 3.302509102513621e-70 2.2310469745776676e-64 0.0 2.836624878255743e-41 0.07616146230007617 5.264994318594297e-199 1.3883832898184539e-77 0.0
0.09900990099009901 0.09900990099009901 0.09900990099009901 0.09900990099009901 0.09900990099009901 0.09900990099009901 0.09900990099009901 0.09900990099009901 0.09900990099009901 0.09900990099009901
0.03193867773874162 1.6834544476865215e-50 8.982446872453632e-19 0.0 1.6417461243508718e-105 0.00019691947735185332 0.06560770925734746 4.2413812303040135e-32 3.345759855706942e-46 0.8923557034275493
0.09900990099009901 0.09900990099009901 0.09900990099009901 0.09900990099009901 0.09900990099009901 0.09900990099009901 0.09900990099009901 0.09900990099009901 0.09900990099009901 0.09900990099009901
0.0 0.0 0.9900990099009901 0.0 1.5144431488648273e-167 0.0 0.0 0.0 0.0 0.0
0.0 0.0 0.0 0.0 1.59509644256968e-167 0.0 0.0 0.0 0.0 0.9900990099009901
0.09900990099009901 0.09900990099009901 0.09900990099009901 0.09900990099009901 0.09900990099009901 0.09900990099009901 0.09900990099009901 0.09900990099009901 0.09900990099009901 0.09900990099009901
0.0 0.0 0.0 0.0 0.0 0.0 0.9900990099009901 0.0 1.0925767011161342e-59 0.0
0.09900990099009901 0.09900990099009901 0.09900990099009901 0.09900990099009901 0.09900990099009901 0.09900990099009901 0.09900990099009901 0.09900990099009901 0.09900990099009901 0.09900990099009901
0.0 0.0 2.0993935656788476e-127 0.7425742574257426 0.24752475247524752 0.0 0.0 0.0 0.0 0.0
0.09900990099009901 0.09900990099009901 0.09900990099009901 0.09900990099009901 0.09900990099009901 0.09900990099009901 0.09900990099009901 0.09900990099009901 0.09900990099009901 0.09900990099009901
0.0 0.0 0.0 0.0 1.253346678094166e-81 0.5940594059405934 0.0 0.0 0.3960396039603967 9.368702467405219e-149
0.09900990099009901 0.09900990099009901 0.09900990099009901 0.09900990099009901 0.09900990099009901 0.09900990099009901 0.09900990099009901 0.09900990099009901 0.09900990099009901 0.09900990099009901
0.24752475243743088 0.0 0.0 0.0 1.179681211531349e-94 0.0 0.0 0.0 0.7425742574635592 0.0
8.034697731723474e-25 8.763004272033271e-109 0.0015115741933243285 0.0 0.0 0.0 0.05824111822947001 0.7556204620444815 0.17472585543371424 3.1209175297866566e-37
0.09900990099009901 0.09900990099009901 0.09900990099009901 0.09900990099009901 0.09900990099009901 0.09900990099009901 0.09900990099009901 0.09900990099009901 0.09900990099009901 0.09900990099009901
0.0 0.0 0.9900990099009901 1.1814649388165468e-66 3.6875892601112705e-168 0.0 0.0 0.0 0.0 0.0
0.09900990099009901 0.09900990099009901 0.09900990099009901 0.09900990099009901 0.09900990099009901 0.09900990099009901 0.09900990099009901 0.09900990099009901 0.09900990099009901 0.09900990099009901
0.0 0.0 4.5156739039982106e-45 0.9900990099009901 0.0 0.0 0.0 0.0 0.0 0.0
0.0 0.0 0.0 0.6600660066006601 0.0 0.0 0.33003300330033003 0.0 0.0 0.0
0.49504950495049505 0.0 0.0 0.49504950495049505 0.0 0.0 0.0 0.0 0.0 0.0
0.0 0.0 0.49504950495049505 0.0 0.49504950495049505 0.0 0.0 0.0 0.0 0.0
0.0 0.0 0.0 2.6541287838834056e-57 2.2310030048126126e-76 0.0 4.150972546961433e-174 0.0 0.9900990099009901 8.019063349961878e-86
0.0 0.0 0.0 0.0 0.0 0.0 0.0 0.0 0.9900990099009901 5.090194934302414e-87
0.0 0.0 0.0 0.0 0.0 0.0 0.7425742574257426 0.0 0.24752475247524752 5.357332581445234e-30
0.0 0.0 0.0 0.0 0.49504950495049505 0.0 0.0 0.0 0.49504950495049505 1.5365762875428885e-21
0.0 0.0 0.0 0.0 0.0 0.33003300330033003 0.0 0.0 2.1904903461306589e-13 0.660066006600441
0.24752475247524752 0.0 0.0 0.0 0.0 0.0 1.3197426136879072e-82 1.6862083074175354e-55 1.7433858876989346e-24 0.7425742574257426
0.0 0.0 0.49504950495049505 0.0 0.0 0.0 0.0 0.0 0.49504950495049505 0.0
0.0 0.0 0.0 0.0 0.0 0.0 2.725267292341083e-80 0.0 0.9900990099009901 6.5024593076381564e-102
0.0 0.0 0.0 0.0 0.0 0.0 0.0 0.0 0.9900990099009901 9.146998426405647e-101
0.0 0.0 0.3300330033003304 0.0 0.0 0.33003300330032964 0.0 0.0 0.33003300330033003 3.224033067866573e-30
0.0 0.0 0.6600660066006601 0.0 0.0 0.0 0.0 0.0 0.33003300330033003 1.7406816179999382e-20
0.0 0.0 3.0525944656642917e-19 0.0 0.0 0.33003300330033003 0.0 0.33003300330033003 0.33003300330033003 5.50309998401701e-24
0.0 0.0 0.0 0.24752475247524752 0.0 0.0 0.24752475247524752 0.0 0.49504950495049505 4.863041182162444e-56
0.0 0.0 0.0 0.0 0.0 0.24752475247524752 1.480458644834389e-236 0.0 6.210752143220363e-26 0.7425742574257426
0.0 0.0 0.0 0.49504950495049505 0.0 0.0 0.0 4.8481873091696345e-37 0.0 0.49504950495049505
0.0 0.0 0.0 0.0 0.0 0.0 0.0 0.9900990099009901 0.0 0.0
0.0 0.0 0.0 0.24752475247524752 0.0 0.0 0.0 0.0 0.7425742574257426 3.763710547463517e-71
0.0 0.0 0.24752475247524752 0.49504950495049505 0.0 0.0 0.0 0.0 0.24752475247524752 1.8208353832605104e-31
0.0 0.0 0.0 0.0 0.0 0.0 0.0 0.0 0.9900990099009901 1.1407091813014319e-84
0.0 0.0 0.0 1.1338150368714836e-26 0.9900990099009901 0.0 2.5241585720599902e-152 0.0 5.731417488342458e-241 0.0
0.0 0.0 0.0 0.0 0.0 0.49504950495049416 0.0 0.0 0.49504950495049593 2.276251210157191e-95
0.0 0.0 0.0 0.0 0.0 0.0 0.33003300330033003 0.0 0.6600660066006601 5.885801464100944e-26
0.0 0.0 0.0 0.0 0.0 0.0 0.0 0.0 0.9900990099009901 4.720077387533642e-95
0.9900990099009901 0.0 0.0 0.0 0.0 0.0 0.0 0.0 0.0 0.0
0.0 0.0 0.0 0.0 0.0 0.0 0.0 0.0 0.9900990099009901 2.1214297056845601e-78
0.2475247524752244 0.0 0.0 0.0 0.0 0.0 0.24752475247524752 0.0 0.49504950495051814 3.664851622665995e-74
0.0 0.0 3.982737409667374e-55 1.2980133511863236e-14 2.0308158243163017e-82 0.0 1.091266397634753e-179 0.0 3.4286474036902032e-15 0.9900990099009738
0.0 0.0 0.0 0.0 5.508133304139418e-104 0.0 0.0 0.0 0.9900990099009901 7.68245971882976e-104
0.09900990099009901 0.09900990099009901 0.09900990099009901 0.09900990099009901 0.09900990099009901 0.09900990099009901 0.09900990099009901 0.09900990099009901 0.09900990099009901 0.09900990099009901
0.0 0.33003300321515533 0.0 0.0 0.0 0.0 0.0 0.6600660066858348 0.0 0.0
0.0 0.0 2.3389113828049055e-90 0.4749088778448903 7.70046624087882e-171 0.0 0.22865602227501441 2.7687767297583498e-132 0.28653410978108534 0.0
0.09900990099009901 0.09900990099009901 0.09900990099009901 0.09900990099009901 0.09900990099009901 0.09900990099009901 0.09900990099009901 0.09900990099009901 0.09900990099009901 0.09900990099009901
0.0 5.078157841703476e-74 0.0 0.1838133893944391 1.0833743486877122e-76 1.4363457349735753e-108 0.3159185637190849 5.152842572681862e-122 0.49036705678746617 0.0
