0.008752197497410828 0.011733957378296368 0.010095471743007442 0.008499143066357141 0.010104004600414027 0.009129360118123889 0.008468900559051326 0.007983398596714332 0.008878330356542409 0.9870006212333148 
0.1 0.1 0.1 0.1 0.1 0.1 0.1 0.1 0.1 0.1 
0.011618749105130237 0.9764638663303428 0.013226677737425406 0.012618065258651891 0.011531738338234659 0.013720896351411596 0.011675414605298931 0.010387806667568864 0.012562437505260296 0.015414330572174863 
0.1 0.1 0.1 0.1 0.1 0.1 0.1 0.1 0.1 0.1 
0.012484045469219534 0.01444407138301071 0.9796490452215665 0.011636912900672565 0.013376639866946271 0.01252003886732246 0.012071182465012114 0.019451592394264874 0.011507299951973774 0.012565341901151274 
0.1 0.1 0.1 0.1 0.1 0.1 0.1 0.1 0.1 0.1 
0.009320529865521652 0.011529457783398268 0.010411706156984389 0.009018239561020372 0.9892631460329618 0.010353371125203398 0.0093142147158236 0.00932733374857991 0.008895222135489383 0.010814280796641604 
0.1 0.1 0.1 0.1 0.1 0.1 0.1 0.1 0.1 0.1 
0.5408633085952746 0.5649832387721958 0.8554419659217375 0.5254715378741004 0.6666821382537075 0.4934765536203355 0.4951620763897273 0.5168162946178237 0.4942563611490242 0.6944655724251251 
0.11494705750118306 0.7780072693736392 0.2102785195521801 0.11114383445623799 0.1563340428743556 0.1115980529050549 0.11648463498871325 0.1096379633747673 0.11476976835444762 0.18471964869861734 
0.2634489924391141 0.25924770443953704 0.25999007065018226 0.2597463913469145 1.1352850077422476 0.25994949781403226 0.2647773053930829 0.25878208346918014 0.2620652271452055 0.25963454882878073 
0.2764721154199738 0.2667509518926867 0.26716826549330897 1.0443440995363662 0.2730326384742535 0.26881073831884206 0.27988843311731443 0.2657570368885756 0.27310783141626166 0.26759471871069446 
0.0928467316832288 0.9782827322618689 0.0921037149533909 0.09212071991138121 0.09530960624317007 0.11005763615292033 0.09431199958976974 0.09305082735145956 0.09199995680591068 0.10123838909650247 
0.14405562586275525 0.8761161858847204 0.14213147555268185 0.1422350396022764 0.15067033728605433 0.2003320295942766 0.15991656124597806 0.14476014400864312 0.14173769234794953 0.1548350320714445 
0.1535953098411886 0.8704924954932991 0.09386237422130356 0.09393923113339933 0.09789272960808656 0.11551561394399758 0.09710230697995809 0.09490914317810155 0.09404255981207804 0.12997054983819015 
0.1098587572314926 0.975593493024859 0.10968431978859924 0.1096433197429927 0.113621968275382 0.13522928597075212 0.11160900194241052 0.11115859843274777 0.10897270623418376 0.12254934143580681 
0.09012814741969974 1.0015576475239312 0.09007282603197553 0.09002988987858439 0.09261228920537652 0.10661637782158317 0.09113623652216987 0.09108748293201091 0.08950875432480172 0.09857266238946866 
0.276472115055994 0.26675095174023594 0.267168265335639 1.0443441017096242 0.2730326382144027 0.2688107381405405 0.27988843263105484 0.2657570367515463 0.27310783114309717 0.2675947185461425 
0.13677257244441954 0.9262059618143489 0.1373903464757329 0.13714687185918556 0.14309287656201303 0.17941732271931213 0.13929995970204787 0.13973169141902644 0.13562690596135712 0.1821056144993355 
0.13677257226609105 0.9262059658467007 0.13739034633709882 0.13714687172223172 0.14309287633711273 0.17941732187265935 0.13929995947224838 0.13973169127035695 0.13562690581345788 0.18210561251882137 
0.12926207596503095 0.19368607995582976 0.397162348343764 0.1886480525381625 0.11515802495175519 0.19831660416070956 0.12549013752444735 0.11757072759835141 0.22454703363661496 0.3180797074045241 
0.27476140316639963 0.26610579317363053 0.2670939326606762 0.26709543611118847 1.0588236650885803 0.26748880281035153 0.27766998754544125 0.2651964457354933 0.2718267500785867 0.2668646128979296 
0.14227562723849185 0.6898536558822639 0.2178849163522618 0.1419173708258688 0.15001843269196394 0.20373772526896652 0.14625690333553917 0.14479718081452292 0.1408278192922439 0.27922049175465385 
0.19109173159972156 0.18296138877443424 0.4528513523412082 0.18384453855122931 0.7259769092343895 0.18424461237664583 0.19384693949898502 0.18205819953250468 0.18829835381615972 0.18367843329109385 
0.1895880039932043 0.185450411033998 0.18516483041665177 0.8106396322944066 0.17898099477372306 0.252132804836875 0.1824151529307364 0.18779543779865715 0.28437625563038316 0.21230893530774864 
0.11512186882460874 0.40848072526829876 0.11552328557425463 0.11551988352987408 0.12347678530964173 0.18444112088794867 0.5836042275129701 0.11891113342051568 0.11353377112537859 0.12930799062570245 
0.43053448655945237 0.38605747926856615 0.10320981807055887 0.11956877538579974 0.10520832525043386 0.1862241512315575 0.10288672343345387 0.10802086167820736 0.1635039842654877 0.13610770890605497 
0.08710248473831207 0.29144611765475936 0.08730415051997648 0.10206554553234139 0.08803203991026164 0.15768586966444345 0.5601089447205406 0.09180714245867745 0.1396389295816329 0.11679459082187914 
0.0953514826959509 0.32725837592802265 0.09605928614686116 0.09602562795533921 0.10245013433859405 0.15317863937407422 0.6703007058371733 0.09894723040497086 0.09416876183513856 0.10758206953345419 
0.0639603496700983 0.9296596430839138 0.06339908855637903 0.07166560487366923 0.06227879780300868 0.07742953429334505 0.06204219555293955 0.06493853265118252 0.09190379691593996 0.07515339582602519 
0.2707637888208564 0.2637704506219204 0.26405699636554475 1.0812008843734489 0.26775960973185714 0.2653552671946357 0.2729172558039879 0.26303028226584013 0.26951596927820354 0.264556324811984 
0.2679272619792784 0.2614212089026357 0.2617206169007596 0.7604965188855002 0.2660528833384079 0.606526847663051 0.27019698864373287 0.2607577739333569 0.2658041845030831 0.2620225445184587 
0.13853130802683986 0.4772472758869763 0.14266309666127905 0.3949170334571236 0.1425185381986699 0.2528439213728075 0.1349934949894176 0.17856453794892976 0.20726591554016427 0.18724500137456385 
0.2575797529644266 0.2553329245317791 0.2554588897021238 1.1753880234089247 0.25722801157721276 0.2561599196197021 0.258294042999453 0.2550823140268709 0.2568451376801573 0.25555781275762707 
0.06838607043456793 0.11236135903543315 0.0680035766201207 0.09558721009072708 0.07012226581907116 0.9305541876098249 0.06936574596521546 0.06934990997569088 0.07234487222068386 0.07622293887463698 
0.12338216406084297 0.2348630390973015 0.10486713836990591 0.12604696343185492 0.12689826324074063 0.7086768421107112 0.11398911409540574 0.09284294617792739 0.09405675357230832 0.11569908989259284 
0.9863159086797001 0.0118773636162774 0.012859555177867217 0.013318311099722311 0.012341506217405452 0.014195522024777764 0.011943561154301629 0.011743396032234937 0.013371497375499307 0.013731680320503897 
0.1 0.1 0.1 0.1 0.1 0.1 0.1 0.1 0.1 0.1 
0.024551986989148636 0.036056051435703874 0.9529478744062692 0.023389939484349892 0.03210913472206665 0.029977752471229892 0.023300962377246468 0.022573747774429807 0.02270810970210149 0.035578053411916485 
0.009830476681081987 0.01133227370956587 0.010492385901683164 0.9849801664981569 0.010043631461447513 0.014262126184382062 0.009618020486110079 0.00950380448936445 0.011315110867394682 0.011996287095088029 
0.1 0.1 0.1 0.1 0.1 0.1 0.1 0.1 0.1 0.1 
0.028377051119666524 0.0351619542944148 0.03051097220061511 0.04033693263472066 0.026544441959460124 0.9609505493815652 0.02709230787820776 0.02738824641249782 0.026698966760479264 0.027777579625956977 
0.026945247648916464 0.03822730050152479 0.02626630878883175 0.03026400127047941 0.027658393574002748 0.9735099807347315 0.02832224973268089 0.026888884688415438 0.025471624243217042 0.02728501108478428 
0.01878286004554075 0.018471336597567094 0.018940971039555794 0.01952887571958435 0.018461685223251777 0.02191161230574903 0.9843570657428856 0.016455637634608195 0.01814388141151035 0.018955151435562475 
0.013135822726463825 0.02411781169428605 0.014772910896914567 0.014921076656547587 0.015396107536791504 0.018212136741438324 0.01256219054491848 0.9570263372430906 0.018692022488540357 0.019346367743054278 
0.1 0.1 0.1 0.1 0.1 0.1 0.1 0.1 0.1 0.1 
0.021110947943015726 0.02231568239084825 0.020059476566999454 0.033119300850565254 0.02151785507670505 0.03421243025556193 0.020474489893608727 0.024319848375938296 0.03575669297770403 0.9485749512483792 
0.1 0.1 0.1 0.1 0.1 0.1 0.1 0.1 0.1 0.1 
0.020778261217146602 0.021470028458782892 0.020887483809682268 0.021221626641052694 0.02083286479914315 0.020824851154404737 0.021750905948902496 0.023790868588922914 0.9944072588764293 0.022205905958400083 
0.1 0.1 0.1 0.1 0.1 0.1 0.1 0.1 0.1 0.1 
0.02263199320677731 0.021807051262419563 0.022199416991437855 0.9880299636790268 0.023725507765514065 0.023188722429008386 0.02262198620339844 0.022828712862715626 0.024436710280501067 0.02392340940749479 
0.1 0.1 0.1 0.1 0.1 0.1 0.1 0.1 0.1 0.1 
0.020433620150132475 0.023278928145748435 0.9495473624817925 0.02275501024433567 0.020416686445704556 0.022690015490645886 0.02691193898321754 0.0238702238187558 0.030463682351077867 0.023561678426435525 
0.1 0.1 0.1 0.1 0.1 0.1 0.1 0.1 0.1 0.1 
0.18633061405169848 0.18030537464487942 0.20831682250953004 0.18117722483026 0.9842903963961721 0.18129581466397018 0.18826037688925623 0.17962696404713543 0.18432434055787306 0.19492453042560742 
0.14161005899031412 0.1368073737634985 0.13701781321643774 0.13738686958867366 1.0096737353639478 0.13761784491379878 0.14310496638001685 0.1362755965303272 0.1400413876101046 0.13725447709967203 
0.1 0.1 0.1 0.1 0.1 0.1 0.1 0.1 0.1 0.1 
0.13381218469236508 0.1207774612488133 0.12123554380824253 0.12217010581994753 0.12799573244124374 0.5088389305019099 0.13889179054057976 0.26964465582784236 0.34274514292737124 0.12180924427088584 
0.1 0.1 0.1 0.1 0.1 0.1 0.1 0.1 0.1 0.1 
0.13880366466889785 0.13503057752212774 0.13518058892316928 0.1354752604542145 0.1372745499799109 0.13566923694565028 1.0066470075750538 0.15973122707241688 0.1375979081775134 0.13538010213784096 
0.1 0.1 0.1 0.1 0.1 0.1 0.1 0.1 0.1 0.1 
0.8745599720376406 0.1087167698094742 0.10885955301472751 0.10911408485992238 0.11068626806921796 0.10928060114705683 0.11304402993911129 0.2536573469261538 0.11097400250763677 0.10902816376826924 
0.1 0.1 0.1 0.1 0.1 0.1 0.1 0.1 0.1 0.1 
0.14560606827274103 0.13740611929653246 0.13763914818788653 0.1380534313079413 0.14065268817006663 0.13831553664090437 0.14476634705246302 0.9953238161132623 0.14112065422255313 0.13790631419243976 
0.03552424600497911 0.03233275848161111 0.034094851591763654 0.034863867940391285 0.03255500391105601 0.03627765654289626 0.03319273798829562 0.17116700372028343 0.8553936040183013 0.03313199414059155 
0.1 0.1 0.1 0.1 0.1 0.1 0.1 0.1 0.1 0.1 
0.18901466258933033 0.18136004453507926 0.22613384929085933 0.5306565851081465 0.5963797049489185 0.18302335143896006 0.1916985806287984 0.18053798019599318 0.18635309595803123 0.20369460432225597 
0.1 0.1 0.1 0.1 0.1 0.1 0.1 0.1 0.1 0.1 
0.2679272619792784 0.2614212089026357 0.2617206169007596 0.7604965188855002 0.2660528833384079 0.606526847663051 0.27019698864373287 0.2607577739333569 0.2658041845030831 0.2620225445184587 
0.1839345464805745 0.39989863520612356 0.1896276782745572 0.5506987061988636 0.18499887375876453 0.24706629084692536 0.1784236014711607 0.2391275342349992 0.2847362947383493 0.2103402978060587 
0.26608031036678725 0.2609582674512696 0.2611841960048042 0.261576868885038 0.2639690733434613 0.2618234097620347 0.2676770178392184 0.2607412777644867 1.1174855729722186 0.2614308348789725 
0.27116686259912776 0.26418669995097716 0.26448367926319283 0.26501107714590844 0.2682783108890551 0.2653378990513239 1.0873585116470026 0.26343198036221877 0.2688515544397629 0.2648202539197222 
0.11377101834671766 0.10975084817715086 0.11061470688208742 0.11023301407652701 0.11905590957118077 0.11559275795153778 0.11504319862565239 0.9710729481171175 0.12835081320126265 0.1144355771299712 
0.19142103249751813 0.1829737399557742 0.18522679794753866 0.18391375066266394 0.18775715647256036 0.18428806849657467 0.19432483858009258 0.9866142779108992 0.18863784463743324 0.18369495185532597 
0.14568266514270006 0.14189620114533993 0.14299500199572793 0.16479309679074555 0.13644565517734752 0.15303608054151346 0.1395152974043329 0.8323820067501836 0.2346478863999473 0.16539623210894253 
0.2770230239659616 0.2667177262804077 0.2709716088820356 0.2678118620359439 0.2724045252312898 0.26824892243157045 0.28075733367149147 1.0378109135429214 0.2736251894177518 0.2675557238089002 
0.18461257594346006 0.17903933392964205 0.1810149026421085 0.17953863310057208 0.1821513146971913 0.1797972552302358 0.18651114762352367 1.0338364012281003 0.1827829873848466 0.17956790723670057 
0.14408298839975597 0.18997300122583874 0.1908223225200547 0.1386099366608843 0.14143643103005538 0.13889539073064402 0.14622639547784538 0.8285363424570283 0.142135182207839 0.1960721327468348 
0.2711668625987566 0.2641866999508094 0.2644836792630198 0.2650110771457241 0.26827831088878606 0.26533789905113275 1.0873585116489786 0.26343198036206683 0.26885155443947584 0.26482025391954195 
0.1765565173937236 0.17379249770316296 0.17550785529066293 0.20114097089971675 0.1753446391933824 0.1779298645233202 0.17745741042682175 1.033973435288514 0.2031177655341419 0.17403150276293441 
0.13914567527002877 0.1350163339583254 0.13774898829856308 0.13549330077787491 0.13735915039115093 0.13568274979983555 0.7737309570779182 0.3893009192200117 0.13792721235201164 0.1353848363110592 
0.19142103249046796 0.18297373995281166 0.1852267979441977 0.18391375065939147 0.1877571564676437 0.18428806849317644 0.19432483857067107 0.9866142779537722 0.1886378446321163 0.18369495185213236 
0.17738355894899144 0.20530014433925534 0.20622081146554336 0.17488414375037623 0.1761834123323996 0.17503724175315533 0.17829834287632684 1.0240743062976563 0.1766354945230894 0.17483500272958702 
0.18340790648110955 0.1783203619269678 0.18022524056008615 0.17889577814159172 0.18124060023883834 0.17913900303019917 0.1850500440033793 1.0419777483916137 0.18182664561224912 0.17876913063034602 
0.13649429883063025 0.13329314547985216 0.13595759857653286 0.13366208462497373 0.13509660204599672 0.13380866429443072 0.7970794469183866 0.3822361736859523 0.1355834307433983 0.13357867825662495 
0.13773411892111279 0.13421444374829883 0.13534675181081451 0.1346182793330038 0.13626260322243508 0.1347942494449991 0.13883635898850005 1.0076936529487273 0.16275621475150748 0.13453345028738628 
0.26608031036678725 0.2609582674512696 0.2611841960048042 0.261576868885038 0.2639690733434613 0.26182340976203466 0.2676770178392184 0.2607412777644867 1.117485572972219 0.2614308348789725 
0.5000795347994126 0.49684763719749553 0.49700562142185045 0.4972649678084595 0.4987710968757307 0.4974330642137537 0.5009980030989732 0.49727096750937133 1.3647856465794581 0.49716250811453866 
0.13649925718836453 0.13331699990845003 0.1419850841840352 0.1336913874139263 0.13515924506956034 0.1338437897623126 0.13750867656884508 1.0305809563442436 0.1405979420734709 0.1336067849435762 
0.13475205310545652 0.1322702258581541 0.13329484348993104 0.13255424943707494 0.133714967751401 0.13268186318526065 0.13551460775832821 1.0554897486645343 0.13402214175025284 0.13249542245639134 
0.13959349900283097 0.13530491909048853 0.14450961706892337 0.13580616541878815 0.13778608377577764 0.13600918314303634 0.14097180615552665 1.0074405436887621 0.14367620430097489 0.13569210181167585 
0.18762676979280177 0.17810317689907204 0.1783016424482712 0.17870869153801422 0.19791813537376046 0.19144039703197815 0.18484514536746763 0.961606945629056 0.22133743133118927 0.18896412360477524 
0.8673632023379771 0.08913365061535397 0.09090798815442586 0.08936738323053585 0.09026500098186599 0.08946013618381152 0.0917519160388321 0.25318053258455614 0.09057767131161036 0.0893148326106126 
0.18432785764149154 0.1787415513878384 0.1806974489449749 0.1793778020527037 0.1819244065928233 0.17963072672680713 0.1861481201235537 1.03623234297568 0.18254119873463065 0.17923100383587778 
0.18340790648111094 0.1783203619269684 0.18022524056008685 0.17889577814159238 0.18124060023883934 0.17913900303019986 0.1850500440033811 1.0419777483916053 0.1818266456122502 0.17876913063034666 
0.6125463389752469 0.5450285984237246 0.5466254829694399 0.5499923653316825 0.5757459825626925 0.5519966424240123 0.7950584197488615 0.5403368533626276 0.5815397000513816 0.5487486637693818 
0.18340790648111016 0.17832036192696804 0.18022524056008646 0.17889577814159202 0.18124060023883876 0.17913900303019945 0.18505004400338004 1.0419777483916102 0.1818266456122496 0.1787691306303463 
0.15216092938046633 0.1455878270706504 0.14697652135833558 0.1698560146884443 0.1411988189684151 0.15762882438754364 0.1462436496197248 0.7739763615946527 0.2527793554090048 0.17038182097954235 
0.13632551139066243 0.13324737315124524 0.13435622691664303 0.13361440697874624 0.14455577868399566 0.1409208188764679 0.13728437889725018 0.9997467887319411 0.15722953266475792 0.13950930716507376 
0.1416674097775051 0.13505994905836824 0.13623496038459113 0.1355466880235208 0.13748035820304455 0.13574474711961532 0.1405621026789704 1.021133087678415 0.1379231487135914 0.13543767181916125 
0.1 0.1 0.1 0.1 0.1 0.1 0.1 0.1 0.1 0.1 
1.0084559646460665 0.18223810807626034 0.18253855787764642 0.1830705835623209 0.18635896164572058 0.18340052623533154 0.191500291423853 0.18147665354654827 0.1869346639439549 0.1828781480586917 
0.02280416971599851 0.02198946289975991 0.021460503693372372 0.031117970644486972 0.02156687338784923 0.10019410590517294 0.022332477278946543 0.022946743715410164 0.9026968902152342 0.028284276632057372 
0.1 0.1 0.1 0.1 0.1 0.1 0.1 0.1 0.1 0.1 
0.016645668921849672 0.016524597855712916 0.016012123606045457 0.019380080065381545 0.01601668818676876 0.9695873442512266 0.015977441827464734 0.017360722644304966 0.03170767627530136 0.02198044416068008 
