0.010480770972466604 0.011229223890956777 0.008577933583045727 0.01112855445960609 0.009771128120149554 0.00917597752061399 0.009737831037590785 0.010185009572001465 0.9828073942880791 0.008295065444409342 
0.1 0.1 0.1 0.1 0.1 0.1 0.1 0.1 0.1 0.1 
0.01238052870903745 0.013557768233740199 0.010521801021338335 0.016769380946399876 0.012304087011729909 0.011520653644618071 0.011167003945283412 0.9763924477447575 0.014488610417209611 0.011073156922360227 
0.1 0.1 0.1 0.1 0.1 0.1 0.1 0.1 0.1 0.1 
0.011243936764355773 0.011345272507600323 0.011406876844955208 0.015329183680390405 0.011641700834851413 0.9887730307954061 0.012929006997702053 0.012311058344678204 0.012646253174560728 0.013157993780972922 
0.1 0.1 0.1 0.1 0.1 0.1 0.1 0.1 0.1 0.1 
0.0090201210555918 0.010044465328599114 0.009069869416003108 0.015296370363443747 0.00900341442587341 0.010050412166165288 0.98739598807981 0.009348122478805246 0.010815949930323704 0.00903220983231695 
0.1 0.1 0.1 0.1 0.1 0.1 0.1 0.1 0.1 0.1 
0.517158959847507 0.5190537739799038 0.5194253348198288 0.5187781865567275 0.5507705308556745 0.9091459192473058 0.6859341790590918 0.6281638744538655 0.7578450165872084 0.5337242245928909 
0.10738897070323247 0.11055142056935693 0.1110307822120538 0.17794081349172977 0.10857797794176097 0.10963941120503433 0.1201056850798479 0.1168086169039629 0.9591458686817015 0.10681045321133809 
0.26841450915540455 0.2762846334757467 0.7644698456291619 0.27339608712507396 0.27142735935121437 0.27472007808055054 0.6342789211348299 0.26958781766418183 0.27028635749779134 0.26713439088601404 
0.2674395928200748 1.1073818493688692 0.2768770572516889 0.27198395318403223 0.2964301447492803 0.2732445955694136 0.273033470004766 0.2684974646715434 0.268873066915098 0.2662388054652176 
0.08972611227414427 0.09567479913008832 0.0924195224711537 1.0176380970678032 0.09181728505365101 0.09214775352213438 0.09283448977779962 0.09430464754911257 0.10072639529302883 0.08937756452776673 
0.1342455766689215 0.14544902419946437 0.1379242784451425 1.0415353432718237 0.13810031951889265 0.13810526647586024 0.1396623266455302 0.1352417818112779 0.14093187259047235 0.1338042103726219 
0.09000753825902469 0.09624644738405135 0.09291878015161377 0.9970717738329381 0.09220305032371866 0.09258927136327516 0.0932854814126709 0.10421906362968562 0.10849685246208307 0.08962840784762094 
0.10701109291647937 0.11446935013257464 0.10969006319448744 1.0244709435270953 0.10960217183983194 0.10970341424701344 0.1107042113745212 0.11327203056923556 0.12239982788242298 0.1066768943163566 
0.08840607579539073 0.09330367064586377 0.09005982096280589 1.0342946906325474 0.09010985919951041 0.09012529093139449 0.09080680639887138 0.09265819570867474 0.09870891744622545 0.08819333894539784 
0.26743959282007373 1.107381849368887 0.2768770572516854 0.2719839531840303 0.2964301447492768 0.2732445955694114 0.27303347000476386 0.2684974646715422 0.2688730669150967 0.2662388054652167 
0.1346123369287043 0.14704659979014725 0.1387325140244415 0.9294277318108577 0.13892795312747536 0.13892720202060757 0.14066717466448245 0.1357138998628991 0.2468001352833492 0.134144452487024 
0.13461167697063808 0.14704458400422404 0.13873121985785108 0.9294951538499506 0.13892679909241284 0.1389259746763864 0.14066580640225876 0.13571312494775598 0.2467418119179901 0.1341438482805205 
0.21450820479745772 0.22477070835233232 0.11556854772540097 0.1201883114019701 0.2095881147747256 0.11060761648475706 0.10952271580031805 0.12198778965883599 0.6802503142877955 0.12100767671639105 
0.2677476338233322 0.2751162737235104 1.1315054155328585 0.2723796635070029 0.2705758291558392 0.2736534820057892 0.2742092769689463 0.2688481977020306 0.26941948595055615 0.2665447416301184 
0.1347543692907784 0.1482411412320709 0.13876552959001417 0.8286760136529128 0.13948130196057423 0.13917419539466966 0.14105829710089893 0.1358179015935058 0.344795465883425 0.13423578430112929 
0.18140024561678725 0.18829991690854098 0.8520931950677154 0.18576190324444797 0.184048053164224 0.18693490358045717 0.1871814684295907 0.1824371581114884 0.3849007924414405 0.1802756967686245 
0.32156775516478847 0.24262949672289724 0.19232845414893815 0.19640060701762166 0.8177297613127533 0.18381107568600477 0.1819131638296181 0.19026679559761875 0.1851306752761447 0.20155554857693836 
0.1081167378876903 0.11644514489573095 0.11167713158653644 1.0276437475760554 0.11102022918188845 0.11139410709561237 0.11238901168916218 0.10891902415691672 0.11272882892646663 0.10766603700395765 
0.12463683868093005 0.12751532758809628 0.09671535198142162 0.9190916203699254 0.10779444716702434 0.09352976022449443 0.09348396650491725 0.09610914529762926 0.09665945272703824 0.1011307561252041 
0.10490461301843597 0.10713176222133261 0.0833121916653341 0.9348646639516434 0.09173806414584963 0.08051696210497723 0.08039881891232672 0.08242381062216615 0.0826548949587392 0.086339932684921 
0.09048746841374587 0.0970063266405284 0.0937800131108182 1.0202215446103604 0.09278727497176271 0.09330450449066773 0.09398332251770598 0.0911538384380024 0.09388315043445679 0.09005922303863173 
0.07695417101855434 0.07720336669519615 0.06273074001128723 0.9737462607265956 0.06835959577474872 0.06100701558939359 0.060882659063746236 0.06253151485297069 0.06244597465521847 0.06524981272338187 
0.26866629579831847 0.2765488203397345 0.27822483900779044 0.27304950004147377 1.119560180869454 0.2742774001466388 0.27386207228153947 0.26928869194893146 0.2696085520623391 0.26691364750376523 
0.31103969554851246 1.1114621030842484 0.2686365956421223 0.26592229329647193 0.2897365984148659 0.266531070200112 0.2664705790197719 0.2637613847004262 0.26400705310765915 0.26243262698579384 
0.18664877075193353 0.19617518542462323 0.13871985638087517 0.6583185625275738 0.3751182409199927 0.13612205584362172 0.1372373773180038 0.14115066908965754 0.14578365014980454 0.1697256315938946 
0.2627987891849629 0.6426609668144646 0.26747509495161503 0.26510121788320146 0.8114615580178579 0.26571810945920943 0.2657487800544413 0.2633267618392786 0.26356348852218225 0.26214523327275746 
0.3379324378143884 0.08865886737765037 0.0695132888112342 0.2936287918934103 0.4993979318484354 0.07003161750192603 0.07136205194476677 0.07032963393403094 0.07423086209371905 0.06741451678042583 
0.15209643641607348 0.3923040178695725 0.10242573170426685 0.38332556682228874 0.17533427249822808 0.10265459186195662 0.14839063822240792 0.1962437147684967 0.11076156863726898 0.09313012786608778 
0.013465217171050045 0.0143293362436693 0.011996881342752182 0.011893296445117723 0.01392415336354272 0.012856893839821557 0.01235223511688173 0.9873475684988543 0.012508422266288441 0.012125995712009395 
0.1 0.1 0.1 0.1 0.1 0.1 0.1 0.1 0.1 0.1 
0.021861987951833632 0.023583204615616377 0.02302960519141033 0.02725829086041362 0.022791261949666346 0.024095768943815772 0.02723538905543528 0.02409344132832679 0.9896919506852384 0.021959099418254562 
0.011196428214639061 0.01579524218866184 0.010992244053593675 0.01143036425202482 0.9844415883289612 0.010457113885665809 0.010150654803782994 0.010147003634927116 0.010185578463276727 0.009466077256424944 
0.1 0.1 0.1 0.1 0.1 0.1 0.1 0.1 0.1 0.1 
0.02905706620545021 0.03416990212481219 0.02876474975467079 0.08832310615606308 0.9000233081916637 0.030885250124322274 0.02823687607587068 0.0351109216843558 0.028899763044704752 0.03016542027445893 
0.026761899271231293 0.9002966493551532 0.025867923222484993 0.11258359294907777 0.031699205502825116 0.02673976429366273 0.02772546436020761 0.028250244971109072 0.026773295474720394 0.02693832423590264 
0.9802751433535472 0.02062286907555538 0.01885742537219773 0.017530647476992126 0.019211084123856127 0.01926884669726138 0.02081843051097601 0.022015068877306213 0.01811040483222891 0.019047655437645677 
0.014758019030228494 0.018165917966867163 0.01346492388428779 0.06865904219417003 0.015617028103225981 0.017345320446458944 0.016526346976828254 0.013799842998861746 0.015753568683392477 0.9152716918433286 
0.1 0.1 0.1 0.1 0.1 0.1 0.1 0.1 0.1 0.1 
0.02968902829835295 0.9774803153717284 0.019865107320359794 0.023516223910415114 0.02924890427039865 0.019356594251790243 0.02067520464162451 0.0204497855505241 0.020864828417338173 0.022425436538900806 
0.1 0.1 0.1 0.1 0.1 0.1 0.1 0.1 0.1 0.1 
0.9874398316015425 0.02260805224083841 0.021797527607587217 0.021358822069314994 0.02232568874084257 0.022500517662994116 0.02163042004585401 0.02319908354700539 0.022746694723060675 0.024763732131333028 
0.1 0.1 0.1 0.1 0.1 0.1 0.1 0.1 0.1 0.1 
0.02564104515507511 0.026159398599708557 0.9753541979764221 0.022294771022669836 0.03322787604352974 0.022728324922256963 0.023615274201774453 0.022808945522427064 0.022550518860331527 0.023311955388114737 
0.1 0.1 0.1 0.1 0.1 0.1 0.1 0.1 0.1 0.1 
0.02883673585382316 0.02432502837296624 0.0216295393187445 0.01999916870196829 0.023778725774637015 0.021931812753999483 0.023225684385970304 0.027161273844079032 0.022381958025793233 0.9525365245809264 
0.1 0.1 0.1 0.1 0.1 0.1 0.1 0.1 0.1 0.1 
0.18183091474408394 0.18985459436378208 0.19107839625151277 0.18633980125847935 0.18458876616343114 0.1875615128952478 0.9914352082812606 0.1829019290277869 0.2370813917384821 0.18066081860925634 
0.13715048823429446 0.142693432650093 0.1442695329602008 0.14067673966253164 0.13931475523291179 0.1416182629592929 1.026811120359363 0.13799839006205636 0.13825134986084808 0.1362159280184088 
0.1 0.1 0.1 0.1 0.1 0.1 0.1 0.1 0.1 0.1 
0.15352437756508439 0.12680341755503213 0.13089346930695334 0.12284427448299655 0.11998077922691112 0.12474322258246665 0.12393158790036493 0.829759316995127 0.11802482577488471 0.17749472861018442 
0.1 0.1 0.1 0.1 0.1 0.1 0.1 0.1 0.1 0.1 
0.13578697636953435 0.1403639393776045 1.025532101449976 0.13896753538747839 0.137580974066496 0.13949130528457662 0.13924633475200685 0.13648737634331842 0.13670175314696273 0.15484170382205173 
0.1 0.1 0.1 0.1 0.1 0.1 0.1 0.1 0.1 0.1 
0.11122340088096931 0.11712486598749239 0.1214260950336282 0.11494065770652499 0.11346376970800784 0.11594062045565905 0.11563357471882832 0.11208855978529034 0.11235048655223676 0.9938079691713668 
0.1 0.1 0.1 0.1 0.1 0.1 0.1 0.1 0.1 0.1 
0.13675681376852689 0.14230942917931352 0.8583957497900331 0.14033441028246585 0.1388673052861874 0.1412054535567442 0.14091880785495828 0.13756404262892039 0.13781447675026073 0.31083351090258465 
0.043830759413966545 0.04642518451847418 0.03795151462401423 0.0352900511540086 0.03955144555311614 0.8578645482239882 0.03282245295992292 0.035678121090164126 0.03319777489454723 0.13974108874426303 
0.1 0.1 0.1 0.1 0.1 0.1 0.1 0.1 0.1 0.1 
0.18045007270946997 0.7292103047267275 0.18876302955404625 0.18446914012196858 0.20097599281630082 0.18555975234324262 0.38247684377553465 0.1813847613222218 0.3006412050389708 0.1794022309248371 
0.1 0.1 0.1 0.1 0.1 0.1 0.1 0.1 0.1 0.1 
0.31103969554851246 1.1114621030842484 0.2686365956421223 0.26592229329647193 0.2897365984148659 0.266531070200112 0.2664705790197719 0.2637613847004262 0.26400705310765915 0.26243262698579384 
0.25527680475554204 0.24058820295989033 0.1853926290254734 0.5314157815895152 0.5379854909933092 0.18338036409324623 0.1814310051861899 0.1869448734187492 0.18138495248752118 0.22953322882387261 
0.2661387457930134 0.272203174303625 0.2739035837598738 0.269929997443945 0.26846932813724017 1.1490802297225262 0.2706461552125647 0.267034295250982 0.26729979559751127 0.2652946947787165 
0.26924718906623246 0.27769545619752084 1.115166288644348 0.2745522298779629 0.2724842458249212 0.2760145258477888 0.27557908539542086 0.2705060693319137 0.2708825635179374 0.26787234629595236 
0.13139780423141775 0.12875635747366207 0.12052183283473109 0.1157665260344212 0.11414729618322479 0.11987179257343113 0.1263854160808079 0.11265380832301986 0.11293666274259082 0.9455625035226909 
0.1840810250851814 0.19374891455775226 0.6708887940318234 0.19004977465673153 0.18767158252525282 0.20654581455020796 0.19122266437827315 0.18546081011548998 0.1858761717766351 0.517787781655971 
0.1917368560174595 0.18827641967848432 0.14979570183932267 0.15112967596742127 0.16214110420559769 0.1463840121843026 0.13998981347480197 0.1453507470182121 0.14152633422324248 0.8686693353911457 
0.2760333415843077 0.2956048758122259 0.3067636861919057 0.2873051627665472 0.2825642040837786 0.3108735960439104 0.2898178640345984 0.27846359709157686 0.27921438851287234 0.9633592838782575 
0.18291864946104805 0.19204487771453396 0.19611343777815685 0.18851197218365726 0.186273698542301 0.19775860480206262 0.18963482125794665 0.18428624262464743 0.18468434951544066 1.011106679453526 
0.13710079274876352 0.14334454274592087 0.14585864495779055 0.14098195457714666 0.1394423325290106 0.14646350669710276 0.1417248820565635 0.16158181323005477 0.16306495751068245 0.9654365729469547 
0.26924718906623246 0.27769545619752073 1.1151662886443487 0.27455222987796285 0.27248424582492115 0.27601452584778874 0.27557908539542075 0.2705060693319136 0.2708825635179373 0.26787234629595236 
0.17768283132768362 0.18206599652684066 0.2522866590458385 0.18077977621601826 0.17923679264806638 0.22977031279657667 0.18082465008665602 0.19658139388025542 0.17836491586202316 0.9557400049433616 
0.13578690926139036 0.14056477216706226 0.7975190603377279 0.13881434225322406 0.1376351120347998 0.15008252852178683 0.13937504049253935 0.13650710235148808 0.13672119319695056 0.37199393938301994 
0.1846117145787637 0.19503809398872785 0.6592327027475573 0.19099439003888116 0.18843440577126655 0.20776283517112937 0.1922693976731553 0.18607524515103993 0.1865171779186271 0.5223973702941707 
0.17676695543599877 0.18013424974837441 0.18185387362705366 0.17924070303262585 0.1780800631770785 0.1856607931614439 0.17929369178424684 0.20092773733446753 0.17743727696390799 1.0739379890681229 
0.1822966630864974 0.19045438117218724 0.19401557361407984 0.18761956805166416 0.18534294930209896 0.19615552117868965 0.1883365701475499 0.18346668350172024 0.18382527698695306 1.02182014629188 
0.13428644810108298 0.13799823851435675 0.8192025241025712 0.1366471988091118 0.13572897256622182 0.14745019343394145 0.13707792853192124 0.13484931263592642 0.13501626054567248 0.3667429227591821 
0.15661480487178608 0.1419081563437793 0.1440406818100492 0.14017993875623613 0.13856193625040839 0.1449581339159328 0.1405395000768489 0.13728939975639814 0.1375359405363338 1.0033715076822192 
0.2661387457930134 0.272203174303625 0.2739035837598738 0.269929997443945 0.26846932813724017 1.1490802297225267 0.2706461552125647 0.267034295250982 0.26729979559751127 0.2652946947787165 
0.520834007545704 0.5248745368164592 0.5258453919470241 0.523341506114862 0.5224059224455668 1.4353896775638493 0.5237848172978885 0.5214218738467689 0.5215921539818721 0.5205101124400016 
0.13533394210886332 0.14004123052857947 0.14196856105611935 0.13831875738637395 0.1371295831066123 0.1497170818910374 0.1388406233649474 0.13602731981694358 0.13623414978917783 1.03138875095134 
0.13433132606686743 0.13808639901531555 0.13964019497603702 0.1369716000802623 0.13578985866515605 0.14109566045275757 0.13715577209522384 0.13489774230364251 0.1350726886324287 1.0519587577123037 
0.13756331490526635 0.14408331522060583 0.14666646852343124 0.14165551770056473 0.14002071191418758 0.1544342189057016 0.14240001659179488 0.13850943083721814 0.1387928210054224 1.000874184395798 
0.2326348339446379 0.2167117218457323 0.2009565246138856 0.1877787365525905 0.1854649167277945 0.18909186438729972 0.21260030880736 0.18348804258664417 0.18386184909642803 0.9207445347709551 
0.09109909824884527 0.0946812123696573 0.09598753114046828 0.09336441734012972 0.09248594088877164 0.09578426992239066 0.09379394061246667 0.09164036280341807 0.09180159310200904 1.016028300238506 
0.18003866504411634 0.1860684666106901 0.735581470099552 0.18382655458677044 0.18233713316726038 0.19875131467600926 0.1845393866246964 0.1809293071009007 0.1811952167351941 0.5000658186881279 
0.182296663084775 0.1904543811673245 0.19401557360714514 0.18761956804825908 0.18534294929950532 0.19615552117341764 0.18833657014378602 0.18346668349969295 0.18382527698482584 1.0218201463245888 
0.5570158173441296 0.6095388382749303 0.9472843550181971 0.5856720300217191 0.5732522487040189 0.5958301938936983 0.5926573606421682 0.5629539901688735 0.5648159583419398 0.5509792075903293 
0.18229666308531448 0.19045438116884758 0.1940155736093172 0.18761956804932559 0.1853429493003177 0.19615552117506896 0.18833657014496494 0.1834666835003279 0.18382527698549214 1.021820146314344 
0.20051463257815105 0.20665629783481168 0.1605006035437695 0.1584181634998964 0.16985931118383765 0.15456106877981468 0.1465895638136863 0.1503172051782678 0.14633053713511793 0.7912526164526374 
0.16285837913520979 0.15410741229819439 0.142239483241862 0.13873014529768432 0.13734894448597923 0.14345526009745616 0.1521385723408356 0.13621732787710017 0.13643506274781056 0.981469412477858 
0.13757111358639398 0.14416021800216322 0.15062688905268812 0.1417062062476575 0.14004088617448296 0.14708491007952765 0.1424680297989382 0.13851865920762627 0.13880734431336467 1.0040157435371497 
0.1 0.1 0.1 0.1 0.1 0.1 0.1 0.1 0.1 0.1 
0.18249528049400535 0.1898399868960312 1.043262966293302 0.18714136903772052 0.18534390264703837 0.18840189867265103 0.18802747444357307 0.18360814174804777 0.18393972329796685 0.18127258980299757 
0.9802018719614167 0.03136481815198958 0.022122398317874024 0.022311208801701062 0.03088405371526774 0.021402264183546127 0.02165822654846001 0.022447813507307752 0.021725111859968928 0.02357454064477129 
0.1 0.1 0.1 0.1 0.1 0.1 0.1 0.1 0.1 0.1 
0.962456145869087 0.030346282180551926 0.01584144255246222 0.03040386140175642 0.020223177931300414 0.01612347328728514 0.01639796745092118 0.016888232781580637 0.017992838235688324 0.016104356087152088 
