4.4007454540223597e-20 2.0738842602277265e-16 1.63830734598926e-12 5.829306277661479e-12 2.0517672322373445e-07 1.5433416402731965e-06 2.5548896108452404e-19 0.9993042889468862 1.2588188761265637e-12 1.4635477424833222e-19 
0.1 0.1 0.1 0.1 0.1 0.1 0.1 0.1 0.1 0.1 
1.3792607264358243e-19 2.4749147783341364e-12 6.009609081893905e-09 0.9675008292565516 8.392131620360982e-13 0.031077717083251397 4.1386030993201324e-13 0.000544998267225436 2.519032694304901e-08 1.6619661610934024e-17 
0.1 0.1 0.1 0.1 0.1 0.1 0.1 0.1 0.1 0.1 
1.4249164988995003e-09 3.294080016685093e-14 0.9972649702295934 9.197855982737097e-20 2.935163461905287e-11 0.0017463500344904453 2.821985090090672e-09 4.3512859564778877e-08 1.273611800539223e-13 9.200017162256821e-06 
0.1 0.1 0.1 0.1 0.1 0.1 0.1 0.1 0.1 0.1 
7.065066351021897e-16 2.3688319499498627e-12 0.953795300858407 8.967788654747899e-18 5.326461563532263e-13 0.04542878729195236 7.270525823867824e-06 1.8128434544767672e-09 1.2276463106324798e-19 2.0430446979764512e-16 
0.1 0.1 0.1 0.1 0.1 0.1 0.1 0.1 0.1 0.1 
2.934761563018848e-19 7.433530541302433e-13 0.5082176432588233 6.335379225349408e-16 7.550776594583698e-68 1.0322888636185452e-16 1.5582309630894376e-17 0.4441593223946314 3.986726753612852e-06 1.6892068073317086e-28 
0.0 3.2726127285284314e-10 7.702620305024016e-11 0.19918249234089333 7.916947178944984e-105 0.3847830854717992 2.1885049349810133e-119 0.4061334316840101 3.946680918783931e-65 5.6381e-319 
0.9756097560975611 0.0 2.99501170168746e-17 0.0 0.0 3.583511508389335e-24 5.407432765874953e-54 0.0 0.0 0.0 
0.9756097544346872 4.503764251498934e-31 0.0 6.6404586613279475e-205 4.6811035e-317 2.0479843211936964e-48 0.0 0.0 1.6628738350301918e-09 0.0 
1.3572886759406655e-38 1.6425357816716248e-87 3.669197216600536e-40 2.593925093851577e-36 1.987228107004483e-23 0.9917355371900795 9.479175929735866e-26 3.3009038325142616e-15 9.429658970471537e-27 3.75923235125958e-29 
9.409344366351687e-31 7.486505645646529e-78 0.473665303192376 3.001740761493443e-28 7.34178612084338e-17 0.5139890136735644 1.4909469701910914e-15 4.1217123625329945e-09 5.976977194727524e-20 7.27569016867401e-21 
8.03219366480249e-28 1.2851684282544106e-15 1.1399637347361922e-33 1.9140227983247535e-29 2.9807712483611584e-17 0.2541470828017046 4.920651959410253e-14 0.737588440463602 1.3924725569568225e-08 2.6835760976912126e-23 
1.4793263453438962e-34 2.7781566047189744e-86 2.1030954024964948e-39 5.5136626505452145e-33 1.1767663470311365e-22 0.9900990099009261 6.78003844528123e-22 6.398604174600717e-14 3.119488747445699e-26 2.237417744683868e-27 
1.147024671568484e-32 3.693700869576668e-82 7.6936577586832e-37 1.1530945092520099e-29 9.72251770874181e-07 0.5061478608821144 3.215989846010243e-20 7.06011845032969e-06 0.4855796439377471 1.4711058383651169e-24 
0.48766049338463613 3.0110420237107483e-25 0.0 7.449125769507134e-202 2.18070821894e-312 0.4878049542283996 0.0 0.0 0.00014430848452540558 0.0 
1.2470485143460995e-34 2.1691687529450047e-32 1.037863717716629e-31 1.3833700902306758e-29 3.953484256025193e-17 0.8110019806888342 2.6737424395653506e-18 0.17665234029882013 1.2944108572771728e-19 3.0014261663801303e-23 
3.3072942153093923e-34 9.179635966989502e-83 1.9810081741103334e-35 1.6553829810467154e-32 4.898021745746223e-19 0.7272729510923411 1.8757116968373972e-20 0.26038136989531335 4.979614976620055e-23 3.064835304054324e-24 
1.6234051640418608e-11 6.644741167796647e-11 1.2152770090620815e-16 0.7108285159121606 0.2792162279031908 4.612953563444402e-06 7.691965172653092e-12 2.143126170674488e-07 4.943872908466789e-05 3.101346730783421e-20 
0.9756097560975611 0.0 0.0 0.0 0.0 0.0 0.0 0.0 0.0 0.0 
2.0994523394885492e-34 4.780360139426539e-29 9.730827207041057e-36 5.395873173155818e-13 1.4774762810705715e-20 0.9876543209230103 1.9902255818325151e-22 6.410450445399753e-11 9.938268644827963e-25 4.383512249332142e-26 
0.9836064989617357 5.841531343455224e-08 1.728237098122622e-103 5.272771518484572e-289 0.0 3.306569766529252e-79 0.0 2.980046992384081e-132 0.0 0.0 
2.2674627677097743e-06 6.594813644349301e-22 3.185011312772619e-15 4.1486730767393454e-14 0.0029633427719719728 7.602789623000898e-103 1.683431421188574e-13 2.032516680985061e-12 0.9806409471400639 5.408670695326137e-57 
1.8720081650835385e-30 1.4597517659029917e-81 5.109946774182446e-34 1.0055798782603674e-28 3.860297375008153e-16 0.39592154977449445 4.7196020756619e-17 3.7080800652152556e-09 2.6197248191277642e-20 0.5941774564184152 
1.923994563919011e-09 7.235316084206796e-18 6.638612682583636e-13 4.896325676562707e-13 0.0012589039891024863 0.22461386630707286 1.1792521925214085e-08 0.7658627513673599 1.8088773327557693e-09 8.099607915234266e-20 
2.3645770623815144e-10 2.8283756110617234e-16 7.15718420982758e-16 4.577558518462601e-11 0.0013912168234899594 0.16945641170801892 0.8217066937209095 0.0003533891351047966 8.974868222971449e-08 4.5595740078512114e-21 
5.641859589346393e-37 7.840255906492098e-88 6.526310570828915e-42 1.0756291826903151e-35 1.916029067998268e-24 0.9917355371900826 9.085588378544798e-26 1.3308969224040455e-16 1.4692334326401944e-27 5.221196517787242e-28 
6.337302209149503e-20 2.7113954059949875e-24 1.0281357724192743e-26 4.8901886487972144e-20 0.8007973355370408 0.19367779189379955 2.1973721523853845e-15 4.121410870426005e-09 6.569293529874736e-09 1.0040200081112743e-22 
2.067535426996353e-256 0.0 0.0 2.0971222575051583e-252 2.646910044587167e-148 0.0 0.0 0.0 0.9756097560975611 0.0 
0.97560975004679 1.277819399186781e-31 0.0 1.3056528542313255e-207 2.0256127803609733e-110 1.1801401581507182e-49 0.0 0.0 6.050771061651341e-09 0.0 
2.144851308496127e-05 1.4958697701980741e-15 3.057215441639926e-14 0.0038071321420591565 0.03172933518249439 0.45925220784571313 9.382797600735863e-08 0.11464184322754138 0.3782022602472973 1.4560179278199032e-12 
7.805346649168493e-05 2.7919179539134154e-27 0.0 5.455029812438638e-195 1.455604043e-313 4.206433857336673e-47 0.0 0.0 0.9755317026310694 0.0 
4.587162972267435e-07 5.845608918693219e-26 1.761009548960274e-34 7.985067844111164e-18 0.7725448080628463 0.2184261736379937 0.000320923880674987 1.6574600490083095e-09 0.0024964539205040307 6.479540779218958e-18 
9.274621381459998e-19 1.357757124265226e-08 4.983115653888104e-12 0.00012609922227164953 0.1669786034090441 0.8243482441147966 2.275590488005558e-10 1.0909428668566245e-09 0.00028257542537668355 1.1753747423026564e-10 
5.9187229427424855e-15 0.9989998802828562 5.4966825347568425e-14 7.944102175268203e-11 9.61635737320665e-07 1.9875998581449885e-17 8.881490622695819e-11 2.823920536508191e-11 1.5688584951419313e-07 3.084016243181547e-22 
0.1 0.1 0.1 0.1 0.1 0.1 0.1 0.1 0.1 0.1 
3.148921703223342e-18 0.9402268292336151 9.766600306567391e-07 9.12469028510729e-10 2.9483936918219275e-20 0.05754230286275478 6.858643749661689e-24 0.0002338823470982481 1.6553775933175162e-16 1.2255208245224579e-29 
1.3559454170639225e-17 3.492773644675835e-17 2.3875111779298915e-17 1.018105736156014e-07 5.494620038870252e-10 1.8017894478451408e-12 1.512474901052559e-14 2.1724214324406103e-13 0.9991808968189294 4.984893881353683e-21 
0.1 0.1 0.1 0.1 0.1 0.1 0.1 0.1 0.1 0.1 
6.298429548150103e-20 4.571188472087306e-16 6.051054830347959e-19 1.77315246628577e-07 0.0009793225233071655 0.0031383460446535384 0.9933188611379397 6.081457099233019e-11 0.0002957192218920719 7.639680626512499e-16 
1.1503278255334319e-19 5.0495989205527515e-12 3.332208453938685e-20 0.7800192527791172 4.5507487884488176e-10 0.2177125096668144 1.8041150271214522e-09 1.772810227397597e-10 2.2935631535873813e-07 4.3206008748586076e-07 
4.1579163668821285e-22 4.150379738956647e-09 4.321094967330375e-14 9.536954706266218e-11 1.3231186730265942e-08 6.39633878614714e-12 3.999520005419138e-15 2.716196443502572e-13 8.269738013397515e-10 0.9984871223852904 
0.5958029592884275 4.5116833584558247e-11 7.166500545584646e-06 3.7718659113312554e-10 4.422449767471046e-08 0.008420522877825992 0.2669424394945955 9.170035851567084e-05 1.1194779207292018e-10 0.1276724674652305 
0.1 0.1 0.1 0.1 0.1 0.1 0.1 0.1 0.1 0.1 
3.6626655946271574e-14 3.328098753652543e-26 6.057795961447684e-22 4.4859447969125634e-14 0.9982174609473502 8.704486496525762e-12 3.2315418095902424e-12 2.0884102802848962e-11 7.825419987319964e-09 3.2277588768887687e-14 
0.1 0.1 0.1 0.1 0.1 0.1 0.1 0.1 0.1 0.1 
7.419316603462686e-05 6.215366262704858e-25 0.998075230803741 2.2824851936582147e-18 3.781401591636379e-09 2.776120701459963e-22 4.746361448797753e-19 4.486283824296011e-13 3.2656751664531454e-11 2.143380227627534e-06 
0.1 0.1 0.1 0.1 0.1 0.1 0.1 0.1 0.1 0.1 
2.0891379950432846e-15 3.4263203594616035e-19 8.913458355545611e-14 0.9980805676269776 6.60140189218524e-13 2.2740758592018063e-22 5.185305084635027e-12 2.1233358736104394e-16 4.657054023067247e-08 1.8148741050874684e-16 
0.1 0.1 0.1 0.1 0.1 0.1 0.1 0.1 0.1 0.1 
8.206970058745135e-12 2.7416659187561625e-11 0.9979604727912236 5.075564670314391e-10 4.6273670336837005e-09 2.3569226854734165e-18 0.0004292068948114156 2.882521601437697e-13 9.019805635572858e-09 1.6519182112497452e-10 
0.1 0.1 0.1 0.1 0.1 0.1 0.1 0.1 0.1 0.1 
1.4607796985639746e-110 6.621725014946489e-12 9.84567521099724e-21 1.8547783914585435e-284 1.0577354112892852e-194 0.9836065573704275 1.52973785174558e-94 1.4258443169794294e-18 2.2441118728432295e-196 0.0 
0.0 0.0 5.916312880350812e-19 0.0 3.6628494460742837e-75 3.951755304421185e-52 0.9876543209876544 0.0 0.0 0.0 
0.1 0.1 0.1 0.1 0.1 0.1 0.1 0.1 0.1 0.1 
4.797351919711686e-56 4.135135760882685e-291 1.1072897143641006e-09 0.0 0.0 6.265923165798451e-183 1.0931390050812363e-78 8.642928920023505e-213 0.0 0.9900990087937004 
0.1 0.1 0.1 0.1 0.1 0.1 0.1 0.1 0.1 0.1 
1.2034669080006602e-29 0.0 2.5359627118663904e-214 0.0 0.0 2.156663678397132e-214 0.9876543209876544 2.1660330135428393e-205 0.0 1.9298748619960342e-57 
0.1 0.1 0.1 0.1 0.1 0.1 0.1 0.1 0.1 0.1 
0.9900876487669477 7.714260273403857e-209 1.0480089968136735e-184 2.7070303829091924e-116 8.775877568458821e-35 6.175089268489163e-191 1.1328052658514097e-05 3.6893407879117525e-185 0.0 3.3081383987188415e-08 
0.1 0.1 0.1 0.1 0.1 0.1 0.1 0.1 0.1 0.1 
7.515829809411682e-06 1.6298925740345046e-202 3.7770466236886345e-187 4.37913869211447e-05 0.7419374849291203 2.961947583896815e-191 5.145130736764664e-54 1.068420437298751e-176 0.0 0.24566552884180373 
0.0023848052778969297 0.9870402963414058 2.2408951461124614e-16 5.805455445643658e-13 6.901239477575549e-06 6.603632803005274e-77 0.0024222241366819407 1.3944493637636373e-14 2.0926235880718127e-11 0.005213221663368805 
0.1 0.1 0.1 0.1 0.1 0.1 0.1 0.1 0.1 0.1 
0.327419104492277 0.6557639375727724 1.9221379165608943e-15 2.274531333840737e-199 8.580262028121441e-180 0.00011795929882410348 1.6318594577583952e-90 2.3888539336202765e-14 0.0003055560131499322 0.0 
0.1 0.1 0.1 0.1 0.1 0.1 0.1 0.1 0.1 0.1 
0.9756097455383679 2.6850463560128247e-31 0.0 2.5376139856758558e-207 6.382656824659106e-110 6.438060424937975e-49 0.0 0.0 1.055919317387584e-08 0.0 
0.0008864991921774529 2.918153624882438e-15 1.6453055608387894e-13 0.01262467475595814 0.18984566335376618 0.30771403742579484 1.5150140545394556e-06 0.00934726679199813 0.46318690082870034 1.4432147102998293e-11 
0.9756096720534737 8.404408740378776e-08 0.0 0.0 6.9990226204787265e-186 0.0 1.8259129402134647e-159 0.0 0.0 5.635458476272117e-117 
3.027767617298967e-08 0.9756097258198849 0.0 0.0 0.0 0.0 0.0 0.0 0.0 0.0 
1.16330243776825e-10 2.1154833125944635e-27 7.086850180204552e-22 6.115928352111704e-71 9.958034096357914e-23 5.190922772226217e-60 8.21292967844415e-15 4.31824395668643e-162 5.6027239434343425e-267 0.9900990097846516 
5.113927927244442e-13 3.9490362513495414e-25 4.481656916643868e-31 6.676485230399027e-70 1.0321563870598244e-73 5.464373636506282e-153 2.2234353639447473e-16 1.2802919862983423e-211 4.521546369086765e-309 0.9836065573765376 
0.9876491587232243 3.127944971598523e-16 9.26330775249258e-18 4.661650656201048e-12 1.5864235884467285e-06 4.210559830977412e-95 8.114607220370418e-09 1.527875379386191e-11 3.577550332268635e-11 3.5676705181639807e-06 
0.957096055393321 1.3922710121768892e-13 8.557944457916966e-24 1.2398218609802784e-62 2.100482287185594e-65 3.1533948249246043e-146 1.4693073958499383e-11 8.22895857441657e-205 9.2327885930023e-310 0.01851370068940779 
9.463947377336598e-05 0.7207649318270338 7.992653513613347e-10 4.2684276737360584e-60 8.685496187226049e-65 6.4458406236735e-145 1.1844138200985868e-08 5.412495914320621e-204 1.4183139861981267e-302 0.2627469734328385 
4.081063339637404e-06 0.8131638856013652 2.770761300131827e-10 8.770250429216929e-13 1.8968273517675144e-63 4.3228761079681633e-35 6.591675035394552e-10 5.997240568148981e-11 3.6132395717407286e-109 0.17448635332585638 
0.9754737074184623 0.00013604867909876558 0.0 0.0 0.0 0.0 0.0 0.0 0.0 0.0 
3.1496628846609036e-11 1.4305749989254694e-13 3.2649630121239577e-26 1.26548823026563e-13 4.7330350351036487e-73 3.4940989238204696e-151 7.197075245893495e-18 2.82095881743191e-197 1.453023094676923e-309 0.983606557345283 
4.865960592290386e-13 1.613644384618761e-23 1.115188909844395e-28 2.008399627950998e-71 8.111510637211046e-75 5.400679253525762e-147 6.595228536629728e-18 6.750668428662467e-214 8.306960054e-315 0.9876543209871678 
1.2578662076978767e-11 3.7279251176303215e-24 9.801970250755046e-30 5.210550716713599e-68 2.1065199837440657e-65 1.0285416735498662e-152 7.432123376503449e-16 2.0052180741660697e-199 1.8185256341047441e-301 0.9836065573644699 
2.1077196388961242e-08 3.176205661809179e-19 1.971151755408344e-12 7.34284413823914e-14 1.2354194150866024e-67 1.9567561196814846e-50 0.975554168927886 1.2592641876317032e-83 2.8512672430909666e-117 0.008052367369922151 
0.9833838638911637 2.643695358584369e-19 1.2165848166891944e-24 5.926667399739795e-66 9.565497569795062e-66 2.539481686851709e-149 4.902341745831096e-13 1.311961761286794e-206 1.77754499781834e-310 0.00022269348539533462 
1.0074465715612845e-10 1.5524260644551014e-18 2.199889219871221e-27 3.852341856385266e-67 2.3306724319203126e-72 6.5349083725555674e-142 0.6049488674853863 1.6821460457618197e-207 2.79194640938214e-310 0.3827054534015234 
0.9876532734755258 2.839680027197874e-22 1.1371440737426098e-23 1.0379473694897762e-67 1.0051842096302248e-71 4.6610668968129504e-141 2.2856043982497345e-15 6.700221573428636e-210 2.793058972916e-311 1.0475121263372892e-06 
0.9756097500800797 6.017481435781835e-09 0.0 0.0 1.7266986115745538e-203 0.0 3.4876234667840946e-167 0.0 0.0 2.4095485452519316e-101 
2.1897729294780632e-150 0.9523809523809523 0.0 0.0 9.026290666852052e-220 0.0 2.070180168278554e-174 0.0 0.0 2.8684071188477674e-102 
9.140800543940122e-05 0.05188984278941052 1.3845441811335249e-17 1.2933018512748388e-63 7.525464195707204e-69 3.8006642560542086e-148 0.9302764361956181 1.0158105019171318e-198 8.951261931827393e-204 0.005396633997186463 
0.9876363932886032 1.3309681235625401e-17 1.8853912152661742e-26 1.6636696568664453e-66 4.316265951640879e-71 1.6820417764965456e-150 1.4471048874033327e-05 1.6132016470832394e-178 1.1042588300588535e-301 3.456650177123018e-06 
1.0297306058802784e-09 2.5420600770586376e-15 6.331514356606359e-19 4.963636355877309e-66 5.59949037476467e-69 1.221394340975246e-147 0.987168537389759 4.107306444326408e-202 6.008790820905797e-213 0.0004857825681623744 
5.191897015884086e-09 4.774457748396911e-190 4.361943330400291e-17 3.8315244492309324e-99 1.8182044897124865e-15 1.4230140153517152e-56 1.5008507438256735e-25 8.353615141723063e-157 6.432376885377585e-262 0.9836065521851505 
2.2066274638160834e-05 3.850384338428247e-22 8.99643391458711e-23 4.878358838884681e-66 4.885541995305969e-71 1.6254503862830018e-148 0.9917134092014274 1.9070613378345963e-209 9.9090117569677e-311 6.171401710513107e-08 
0.0007582521376063965 2.4270722608688485e-14 1.1053319067853897e-21 0.6557371051020107 2.1275407296419296e-10 3.950799129136382e-147 4.2864565872610276e-08 1.1804894151894076e-199 9.874901403453016e-304 0.327111157060088 
0.9835770002359424 1.5545295191825555e-19 6.265322602472478e-26 1.911395557560369e-63 1.93077689169933e-68 1.5318063390672935e-149 1.8474947195767512e-12 9.042040415689067e-205 2.4357997076834014e-307 2.9557139259206453e-05 
0.0 0.0 0.0 0.0 0.0 0.0 0.9523809523809523 0.0 0.0 0.0 
1.1285155676567202e-13 1.793049676870829e-25 2.2369669002765557e-29 1.1685787556621486e-68 1.6204169844548102e-73 2.06927413494338e-150 2.2144864383783942e-16 1.2048570904217117e-203 4.96912380725e-313 0.9836065573769363 
0.9876260566426217 1.7573798044854088e-16 2.3721979606341655e-18 2.476957419966618e-12 2.7540643676781286e-05 5.893065301898365e-93 7.928437682963852e-09 4.847721748025142e-13 4.713343241762904e-10 7.152986220198715e-07 
1.7710692733392034e-07 4.025159294808868e-24 1.70086127521862e-19 1.2228455318158159e-53 2.0513957902240167e-18 2.8876021654271565e-57 1.1059111197014679e-12 3.238383588574279e-160 3.915061701998892e-264 0.9876541438796211 
7.552879011301262e-10 1.2351584008587466e-22 1.5912920809993535e-27 1.2867912080333464e-70 1.1783868868091871e-36 1.2893349099552158e-153 4.511573806377795e-16 3.696176957690783e-188 4.7971061308927e-311 0.987654320232366 
0.1 0.1 0.1 0.1 0.1 0.1 0.1 0.1 0.1 0.1 
0.0 0.0 0.0 0.0 0.9836065573770493 0.0 0.0 0.0 0.0 0.0 
1.7413118868935468e-09 2.6649167508612536e-28 2.565388074506749e-22 5.415443338261992e-16 0.9980806122977945 9.926470975702944e-45 1.8432549994517302e-14 1.416220962934814e-17 1.6432885773299875e-10 5.609767200165291e-16 
0.1 0.1 0.1 0.1 0.1 0.1 0.1 0.1 0.1 0.1 
0.5333814138742242 3.4909588319981034e-17 1.2708748853955411e-21 1.2862977067069732e-12 0.4652285859633755 3.0077134015026618e-06 2.8234996077205722e-12 3.731063915785066e-09 2.616098485715779e-08 8.291523452306105e-13 
